Date,Close,High,Low,Open,Volume
2020-01-01,934.4176025390625,939.7978924849133,931.7773234900877,938.5574472205931,636680
2020-01-02,947.086181640625,949.6118907407154,934.4176217759841,934.4226083684819,1578910
2020-01-03,931.1696166992188,946.9866021179436,928.9926041307635,943.0410518943635,1824790
2020-01-06,900.96533203125,930.4870529892986,898.9028896236839,930.4870529892986,2442890
2020-01-07,906.2409057617188,923.1140126703822,903.1920912716216,909.1651770768739,2426760
2020-01-08,911.2077026367188,913.3349098638895,892.8848955480681,893.8214626865946,2697180
2020-01-09,936.0914916992188,946.5182128729598,917.534557525197,946.5182128729598,2141970
2020-01-10,933.7997436523438,940.0368752554011,930.4171925510132,934.0887227227556,1393930
2020-01-13,942.0695190429688,943.3398229547113,933.077477384023,936.5447399543668,1507130
2020-01-14,951.9931640625,954.4790412163496,937.0928609167847,941.1479335811274,1628990
2020-01-15,955.41064453125,958.3847821322264,946.6876346193915,950.4986684042401,1372300
2020-01-16,958.6985473632812,960.4769972034766,953.0093930497308,955.4952700395581,1357820
2020-01-17,967.9496459960938,970.4704292820123,956.5912830563732,957.8865808463487,2841290
2020-01-20,953.7766723632812,972.8666255766186,951.509962003301,968.9460084274452,1841980
2020-01-21,949.9456176757812,958.9824780390138,947.3451706938728,954.8924995016386,1745070
2020-01-22,951.2609252929688,956.4917394933229,946.0301110926147,955.4953939313507,1395250
2020-01-23,949.9356689453125,956.0930765744523,944.9489550661709,951.2608254310126,1812800
2020-01-24,959.8543090820312,961.4733704571534,944.545470794274,948.4411547918588,1239780
2020-01-27,952.26708984375,961.3637282165431,950.0153395083726,955.4952392118818,1131280
2020-01-28,959.6102294921875,967.4514635750418,949.5172448887897,952.2671681506181,1904690
2020-01-29,985.8092041015625,989.2715414469187,961.3738654680507,961.3738654680507,5019130
2020-01-30,960.4421997070312,991.3637549962476,956.825460740921,988.7732810668269,4128250
2020-01-31,940.6896362304688,967.2521799741332,937.5610968278708,967.2521799741332,3295410
2020-02-03,905.2945556640625,920.1251697818758,885.2530734717884,892.2274927338059,5025510
2020-02-04,950.0054321289062,958.9725413557776,912.7819799775979,914.6451411408797,4636970
2020-02-05,955.6348266601562,964.8609956157784,942.313692340738,950.513596253154,3245400
2020-02-06,958.4544067382812,967.3518251529139,952.5062535705412,956.4916353846439,2713430
2020-02-07,958.8131713867188,963.8297441661421,952.6108842308852,957.4880148590568,1426260
2020-02-10,959.1818237304688,962.2654838590379,949.6168704559904,956.9898514709777,1435280
2020-02-11,969.6035766601562,977.4149522715174,960.8257750870216,960.8257750870216,1955790
2020-02-12,973.6138916015625,980.4986123667378,964.9855661816295,970.2412522965656,1885280
2020-02-13,968.1687622070312,975.9203589235623,965.359121579602,972.2338686314667,1366300
2020-02-14,965.508544921875,975.9203670234425,961.7772360813782,969.942294331109,1392370
2020-02-17,949.4026489257812,974.9489609951775,947.9778822221208,966.4351452947266,1754010
2020-02-18,949.4674072265625,952.9994348137948,938.1588498998271,949.2183208644595,2663840
2020-02-19,972.2986450195312,974.4258522899981,954.4989432452129,954.4989432452129,2211320
2020-02-20,967.421630859375,979.163597480228,965.8324888618395,972.2339969995468,1670200
2020-02-24,943.2303466796875,964.4624673666066,941.377158599694,964.4624673666066,1993290
2020-02-25,949.0189819335938,951.5098454032358,931.692521043861,946.5281184639518,2220180
2020-02-26,935.2695922851562,946.0201390191153,932.5794471022476,942.0447299521102,1755170
2020-02-27,937.3618774414062,946.000176297164,923.29348319795,935.0702948482059,2075830
2020-02-28,901.7674560546875,925.2613010267002,879.2799298127843,923.6621250751839,5378520
2020-03-02,888.1922607421875,926.6013698796147,877.5811562138847,926.6013698796147,3090310
2020-03-03,893.5903930664062,908.843021465308,865.313203473992,897.2141510675033,5507290
2020-03-04,877.24609375,903.8534794147555,856.665040078523,897.2141216866144,4402510
2020-03-05,885.2412109375,894.2233301541539,873.3929913036852,884.2542852248991,3198530
2020-03-06,857.6570434570312,859.8302883625911,837.3999330140017,854.3473126107136,4086990
2020-03-09,818.1696166992188,842.3844081361465,813.4741740107639,841.2878373871238,3705070
2020-03-11,822.8451538085938,837.110857459936,810.2891076232703,815.4680347789462,3723450
2020-03-12,741.502685546875,795.724346231976,737.7094705034693,787.554704996947,6191940
2020-03-13,771.8035278320312,785.9496060696196,650.4054498641999,677.8951054646016,5956730
2020-03-16,747.2398071289062,754.3078874924199,717.7713096819252,742.6939246014365,5622460
2020-03-17,699.5778198242188,749.8666808785739,693.5266014555775,747.778134051457,4476050
2020-03-18,629.0667114257812,717.7712563905941,623.8030263393964,712.7867337767705,6444600
2020-03-19,576.7592163085938,618.6641404854432,542.5803645944405,584.6846210392424,8166380
2020-03-20,621.3756713867188,637.2165015365481,568.2356741118907,570.7478934050749,6574680
2020-03-23,460.67462158203125,587.21667699566,443.5228605131372,562.2542071502286,6879880
2020-03-24,448.38275146484375,506.42752673031833,414.73722188384323,488.4832442871181,15587800
2020-03-25,481.5348205566406,490.4770559025196,438.64300686442203,443.62254039963665,7972700
2020-03-26,513.1317138671875,553.760567130772,481.0264134859796,495.9600558693003,10191230
2020-03-27,487.546142578125,564.2479819997083,466.0528826587696,546.0046406873373,12917940
2020-03-30,464.67218017578125,476.48051643770094,454.09004753020497,468.5451643011994,7509110
2020-03-31,457.6988525390625,486.4445892578353,441.62875464191296,479.51113088659173,11561100
2020-04-01,448.7965087890625,465.3251745725076,444.61947585336213,454.5885223971595,7577660
2020-04-03,449.6787414550781,463.161869690892,441.628724876404,454.5884842971563,7223110
2020-04-07,471.0274658203125,480.38841503677133,431.56500397989305,460.5699458332192,11307140
2020-04-08,459.42352294921875,493.4678113225014,452.3753996354485,456.08388622231195,11130550
2020-04-09,480.53289794921875,483.2993019236056,464.7569020827901,469.0435793743524,8642210
2020-04-13,447.7497863769531,482.9006250042496,445.55159450195873,482.9006250042496,8916950
2020-04-15,458.48638916015625,464.9812066805596,446.6132519584341,453.69128056293374,9830710
2020-04-16,468.50531005859375,474.52662278211665,449.48438234669175,455.5854340576204,7473540
2020-04-17,498.42242431640625,512.0102092833122,484.00220205335734,486.0907185339846,13522230
2020-04-20,486.7137451171875,507.42443170172663,470.5838362990217,507.00571839155924,9031520
2020-04-21,458.0826721191406,473.4300081213375,456.08387344541364,473.4300081213375,6709420
2020-04-22,476.0967102050781,480.07434968742365,447.111697783743,457.08074344224343,7921490
2020-04-23,471.4960021972656,484.29625391182947,469.04861473282057,478.51421926495715,6918170
2020-04-24,437.6211853027344,466.0528930903875,435.1488509817201,466.0528930903875,10218670
2020-04-27,460.3207092285156,465.5544584942432,427.47268976294146,441.64867470532243,11338730
2020-04-28,484.6750793457031,489.4801669007365,456.6969488383933,467.64796187512286,15204120
2020-04-29,498.3177490234375,505.4306736633476,480.74730400703413,485.0041064690368,15234930
2020-04-30,508.8550109863281,515.8981446118345,503.5215651458147,509.21887143988465,10643520
2020-05-04,474.7608642578125,492.4609109203715,470.5389877315788,490.6764735283204,8107070
2020-05-05,461.487060546875,490.4770310271045,459.57299045425844,487.4863174232807,8158860
2020-05-06,467.8373718261719,477.49737990781153,452.7940849480334,463.2615833279922,12628290
2020-05-07,465.8934020996094,478.1154624929846,462.5637443150121,466.35196970696677,6454310
2020-05-08,458.6758117675781,476.3608896062213,456.3181117048548,475.3241003055058,4885760
2020-05-11,454.3891296386719,470.30969819801084,452.6046922106338,467.2791299510612,5852300
2020-05-12,465.375,470.1202450790553,444.17082026466,451.398378417832,10188930
2020-05-13,480.1491394042969,503.4368159301702,476.330977802972,493.26837698372134,6987500
2020-05-14,477.542236328125,492.2565584647789,470.53898735727165,475.5235105284292,7928120
2020-05-15,470.8630065917969,481.8688121543105,468.6448876344903,477.716726142223,3951110
2020-05-18,445.1627502441406,472.4380437968521,443.7222158853883,470.9975094380998,6469410
2020-05-19,452.14117431640625,458.0777286651658,441.95280664255444,450.60094310479855,5741510
2020-05-20,468.74951171875,472.5178098710295,450.74541716640186,453.39219764927543,5828770
2020-05-21,452.51495361328125,472.8019380728637,450.1024310727454,471.0374278668266,10925960
2020-05-22,430.2192077636719,456.4278412872186,407.43496993165377,449.51430950995405,27250160
2020-05-26,408.456787109375,438.63807102542114,403.92584183045216,434.6504521979173,15756010
2020-05-27,424.4869079589844,426.37107204327754,397.2963441495682,408.7308398370561,24986770
2020-05-28,427.2683410644531,431.16125242724735,419.88127410619745,423.6844677030754,12472560
2020-05-29,439.1264953613281,441.5240496956252,418.8494595477158,422.68754832348344,13944250
2020-06-01,474.8455810546875,483.0351482562445,446.28923083952475,448.607046080184,21106170
2020-06-02,516.8651123046875,522.1786309989176,472.796987115789,477.9110822924319,26933530
2020-06-03,526.9688110351562,551.2683640919427,520.0951942228415,532.7459178173318,24123590
2020-06-04,512.0899658203125,531.9432997300323,505.2312570609337,527.2628860114243,19944190
2020-06-05,522.0191650390625,526.864107030419,508.0475317793326,514.6021920161758,15138920
2020-06-08,542.4107666015625,547.7990650462866,534.3408532571603,534.3408532571603,13966100
2020-06-09,529.4361572265625,550.6851830243903,523.3799490950278,548.2975768326608,11634230
2020-06-10,520.683349609375,532.7459338435614,514.4028617227059,529.4362027030216,11622530
2020-06-11,514.2034301757812,526.8641319878777,511.4121091954234,518.390442069435,10573320
2020-06-12,526.9588623046875,532.2474958008827,488.4833508457941,488.4833508457941,16552510
2020-06-15,508.7802429199219,526.4653216876567,506.08861861694476,526.4653216876567,10234910
2020-06-16,511.2425231933594,525.3686421317637,496.52820386049797,523.3748332432182,11691030
2020-06-17,502.1358947753906,511.41208523825213,499.2398879852643,502.0411876167552,10498590
2020-06-18,541.0750122070312,548.197915718396,500.60067553498465,502.1359172826355,18061720
2020-06-19,588.1537475585938,595.18197355948,542.6949228233194,543.3129987982908,35955630
2020-06-22,616.44091796875,633.0344143317507,594.1551353412966,595.0523738103366,25140100
2020-06-23,630.0088500976562,636.2245357523816,607.1946783092981,625.5576442313032,19812860
2020-06-24,602.7335205078125,643.5019559153341,596.1888390025703,643.5019559153341,18864900
2020-06-25,600.2511596679688,610.6040229184803,590.1924270622662,594.7532165972907,19002920
2020-06-26,592.7894287109375,611.4564443157112,585.1830412121508,607.0152778207394,10672470
2020-06-29,587.1967163085938,591.8920976279634,573.3496980060044,581.394724735552,10102710
2020-06-30,582.7056274414062,602.4941567154699,579.7797152730969,597.1457740009236,9766720
2020-07-01,615.025390625,617.5624960164057,578.4689127905764,579.9991347127401,17242340
2020-07-02,616.96435546875,624.7601571435207,609.3729362844421,618.0758944195607,15292260
2020-07-03,613.03662109375,621.8991190934169,610.9032302849544,620.0747663291672,8330750
2020-07-06,626.5546264648438,630.1434591753125,614.1929834021423,619.7756864304937,12201780
2020-07-07,656.9202270507812,660.9177630812612,625.5625782108889,630.3427183666071,20073540
2020-07-08,638.5572509765625,665.9322732142329,635.0182518136068,657.957036409272,14003560
2020-07-09,654.8865966796875,661.745305654995,635.5267250873063,641.0595338188199,13227850
2020-07-10,646.3729858398438,662.4430825380036,642.1062051012811,649.4833232106989,12206400
2020-07-13,644.1449584960938,657.1993953564,638.0189601036798,655.3651249199904,8107250
2020-07-14,622.4124755859375,644.0004774535187,619.177524494911,644.0004774535187,11287050
2020-07-15,614.935546875,641.9915504783181,608.4108237495819,630.0436642646215,9813900
2020-07-16,624.5508422851562,626.0561781814682,604.6227262214338,618.0809402428507,8304120
2020-07-17,634.1908569335938,636.3092793868683,626.0561414853622,628.0449614620319,5700380
2020-07-20,659.9658813476562,661.4462702280395,636.0252003097049,638.0190097150645,12218330
2020-07-21,636.4588623046875,668.9230669364277,631.8830428687996,666.8096337983065,18624970
2020-07-22,632.7752075195312,657.8573609905479,625.158841875337,657.8573609905479,21580510
2020-07-23,636.1597900390625,643.4969940229972,629.3608926881188,635.0233040787359,9248500
2020-07-24,625.089111328125,633.5328639594442,620.5731043505177,628.8424108486545,8746470
2020-07-27,615.4091796875,629.5502695725369,611.6807660691687,625.9564478160071,6562030
2020-07-28,632.316650390625,636.757816374142,615.4888966334881,615.5885627505041,8378220
2020-07-29,630.9010620117188,640.5112374380086,627.3072402203119,630.4524427501035,7645410
2020-07-30,615.8477172851562,640.1123380962787,614.0931556763999,635.7508810247134,6100800
2020-07-31,618.6691284179688,628.5484274441526,610.1056900806049,620.0747373041442,7497100
2020-08-03,608.4258422851562,620.3737294878795,604.1241964393668,620.3737294878795,5095980
2020-08-04,614.292724609375,620.8722716796836,605.3106029962009,614.1033102713326,6165030
2020-08-05,622.2728271484375,632.5359425441052,616.9244439259942,620.5730878387793,6954490
2020-08-06,627.621337890625,635.0283329657412,622.2679641899944,626.0512007222864,6261130
2020-08-07,644.7131958007812,647.9880006934837,623.0653852821958,626.5545514397762,8257710
2020-08-10,638.2981567382812,654.9663737561423,634.7292209524061,648.9799562942189,6052400
2020-08-11,642.04150390625,647.5892811011394,637.1217815520074,643.0035437323947,4306670
2020-08-12,633.752197265625,638.0189783897978,629.5552676149927,638.0189783897978,3854220
2020-08-13,633.0344848632812,641.2091155772192,630.4524749164565,638.0190083661417,3905850
2020-08-14,622.7363891601562,638.0189539535182,617.0839570269184,637.0220493379659,4217200
2020-08-17,624.9693603515625,629.9538827481098,618.1804432813138,628.0498219649659,4359390
2020-08-18,632.3416137695312,635.5267315137245,622.2679114804101,627.0530417602081,4571440
2020-08-19,627.9552612304688,640.5112462603063,626.3551878702096,635.5267229431055,4928450
2020-08-20,626.9981689453125,629.4455867674369,621.176219327573,623.5638253077377,3149380
2020-08-21,626.29541015625,634.6295189937084,624.0673427151312,632.6456883407443,3032040
2020-08-24,638.063720703125,643.4868835917949,627.4716104398025,629.4305545455451,5861090
2020-08-25,648.2472534179688,650.1812509503083,638.1186676942534,642.0016309323776,7483450
2020-08-26,654.4081420898438,667.9261677678329,650.0566626874705,651.47723975564,10013470
2020-08-27,651.0535278320312,658.4505434272003,646.7419029762764,658.4505434272003,4618820
2020-08-28,652.5289306640625,662.9416072707885,649.4833941908552,655.9632745626749,4901660
2020-08-31,617.1188354492188,664.9353931551215,611.6009950534738,658.405679949306,11799190
2020-09-01,633.9913940429688,637.6948601066629,612.7523514303585,623.0652990541164,8073470
2020-09-02,634.5347900390625,639.5143238268828,623.563849655051,634.7291937445793,4439950
2020-09-03,633.5877075195312,643.5019312522226,628.0499096652211,637.0220512318672,3942650
2020-09-04,625.7769165039062,640.3068129905618,618.1805084385913,623.0653652405683,5443800
2020-09-07,624.4261474609375,632.9596485044548,619.2771570454166,630.4425008672913,4985730
2020-09-08,621.4952392578125,631.0406129900595,619.2821402478284,627.9502330627226,3917540
2020-09-09,600.814453125,620.0746571734792,596.3084248914674,618.9581288964278,9297500
2020-09-10,611.02783203125,617.2834336791353,602.4145603838291,606.0184221677275,5316080
2020-09-11,610.9429931640625,615.5486871814403,606.1179485121213,610.9579004887416,4654850
2020-09-14,609.3230590820312,617.4827206280498,607.2145547864213,613.8938276355827,4161420
2020-09-15,609.6620483398438,613.9936309144081,600.8793203402887,611.1025829372227,4929870
2020-09-16,612.6925659179688,622.0634936874469,608.2264526897388,612.2589148419797,4032700
2020-09-17,598.8406372070312,610.4695080792579,597.1558659096663,609.9960027075907,5192360
2020-09-18,587.0223388671875,604.1242687846017,584.4304108973652,602.1354487080345,8563830
2020-09-21,569.456787109375,589.1606204848742,561.3569375001774,587.7749085332526,4921220
2020-09-22,566.4711303710938,573.818313040721,552.7836485003029,569.456855038577,6452290
2020-09-23,562.9171142578125,573.9179905966762,553.7805055001523,569.7309791059173,4600880
2020-09-24,540.8905639648438,558.2666047356945,538.3285117094197,556.272795433067,4987220
2020-09-25,578.53369140625,588.786828938508,541.3341920325723,548.2975563957024,9783460
2020-09-28,596.7420654296875,602.1303638688416,580.1984631981222,584.3505488522783,6722010
2020-09-29,585.8509521484375,603.0774941041713,581.4496399217601,601.3079639710927,6344350
2020-09-30,583.4234619140625,591.064774784078,580.1984900646504,586.6783701083278,3755980
2020-10-01,603.486083984375,608.5902300760533,587.6801828573325,588.8714910175615,6807520
2020-10-05,586.2945556640625,615.040322522147,583.9668222988596,607.1149185589054,7379100
2020-10-06,597.6842651367188,599.9372796569745,587.1769107438432,593.8561848858986,6060920
2020-10-07,588.697021484375,591.9618470327003,580.1983867556946,590.1674312016688,5812230
2020-10-08,585.37744140625,601.4525291112515,583.4135075783736,593.1582750062548,5889720
2020-10-09,589.6890869140625,599.5385102060571,585.1830582046222,586.6784152528452,6593340
2020-10-12,589.44482421875,598.1427929950606,587.2765079171578,594.9028528663374,4014350
2020-10-13,584.94873046875,589.6192259920568,580.6969178320868,588.1737021818561,3656370
2020-10-14,608.1168212890625,612.5979027892038,583.6926575488908,585.1830251216641,10295350
2020-10-15,588.0790405273438,614.8907485174545,586.1898868290842,610.6040708829505,7819790
2020-10-16,593.3875732421875,596.1490187698262,584.7842806955863,592.1314635675759,4762450
2020-10-19,596.2586059570312,601.9260062716469,590.6759644395153,598.1427702865287,3796850
2020-10-20,593.3425903320312,600.6349490350777,589.2951605781915,595.3513674617727,3111220
2020-10-21,588.58740234375,599.1396593468722,571.734761868549,594.90281483402,6055610
2020-10-22,585.5220336914062,606.1180580358744,582.785474309403,582.9898568099954,12299030
2020-10-23,581.3499145507812,594.3545176479706,580.5822785599978,591.6478949642344,6468960
2020-10-26,568.330322265625,585.4472187657275,562.7526700038413,585.4472187657275,7831170
2020-10-27,564.9708251953125,578.8527726411205,561.4567724276452,568.2357126194721,15507570
2020-10-28,562.4884033203125,572.5222496780567,558.7649795671467,566.0423703432014,6587900
2020-10-29,560.6541748046875,567.0393170458424,558.9843109440993,562.2541871963952,9808110
2020-10-30,555.6246948242188,566.2417520129502,549.399031133253,563.2510385340086,5263380
2020-11-02,568.3801879882812,570.7278788312835,554.2789530658404,558.4061526791735,4913990
2020-11-03,572.5820922851562,579.2015532106581,567.9066074338236,573.419518893463,5755360
2020-11-04,579.3860473632812,582.0926703574796,569.825704654439,572.5821607136792,5909610
2020-11-05,603.6406860351562,606.1777911319249,582.7156688209988,583.6876264394314,8486730
2020-11-06,626.6990966796875,633.034405789672,600.6350070681533,600.6350070681533,15593390
2020-11-09,626.39013671875,641.9069608115576,623.8131161640314,633.0344846410866,9681560
2020-11-10,666.6948852539062,671.2906006212806,629.1514258681251,643.0034340460011,21704380
2020-11-11,692.3303833007812,695.6152282233251,656.5764045910078,666.9292700354006,25424690
2020-11-12,700.445068359375,703.8146105979242,682.9444163279949,692.2455527939444,12809160
2020-11-13,723.8623657226562,727.7403391191389,691.4430703471938,691.8517744502499,16545740
2020-11-14,731.284423828125,742.0958869976382,722.7559113754429,732.7249584288973,3164850
2020-11-17,734.255126953125,738.4670855344781,722.8555249108113,733.8214758717025,11725440
2020-11-18,776.583740234375,782.0717052517368,729.77406491815,734.9181270342309,14756370
2020-11-19,779.9183959960938,817.4518188554779,772.6010892302685,776.5837183644733,33870400
2020-11-20,851.61572265625,856.2064488109115,781.872255809854,781.872255809854,41104120
2020-11-23,874.718994140625,895.4845342062222,859.4314400399003,868.3039154083972,36075870
2020-11-24,883.2275390625,888.04260531639,866.8185282916774,879.2598782261614,17898620
2020-11-25,869.0765991210938,898.1114478384155,861.5998140436718,891.2327812286943,19861530
2020-11-26,877.9440307617188,881.46313350139,864.416026902291,871.2946935583502,12622340
2020-11-27,873.1687622070312,890.6793930633415,865.3131494845655,881.7570851707246,14193500
2020-12-01,871.94775390625,880.1522605334944,868.568232198371,877.2761805924043,6942830
2020-12-02,877.495361328125,885.2014754681317,863.4838741010777,872.29154838282,8849690
2020-12-03,908.5839233398438,916.2750087389007,878.3826527732107,880.3664833166424,14370480
2020-12-04,902.4429931640625,920.5916603224318,894.2235187540277,913.0650419826565,10624430
2020-12-07,902.39306640625,910.0742333837059,892.7878808529648,903.5943534858047,7074050
2020-12-08,894.1636352539062,905.1893979537225,887.3447808582135,902.7968025193178,5831470
2020-12-09,898.27587890625,904.6909578095962,892.3293159759646,898.5899063006613,4518180
2020-12-10,900.0902099609375,904.5912487852986,891.133036828023,898.2758363066315,4667260
2020-12-11,896.720703125,911.0711647294269,892.3293090283162,903.893439231792,5514560
2020-12-14,890.584716796875,903.8734724013844,886.7616265256625,903.8734724013844,4448840
2020-12-15,926.8172607421875,930.9992829821649,884.2544101042251,889.7373855896515,11245270
2020-12-16,922.9044799804688,942.0749378157013,918.3486182177379,934.0598459636914,7611700
2020-12-17,926.5330200195312,937.0802870699857,917.9496865492473,922.9043337438353,5507380
2020-12-18,918.7073364257812,928.61656988991,909.6753838159344,922.126711662852,4803330
2020-12-21,881.9366455078125,921.6383870036356,854.3124554565727,916.0557450714742,7132850
2020-12-22,891.1181030273438,893.6053752062045,859.4514129196606,882.2605956732389,7832960
2020-12-23,898.5350341796875,911.1707875822196,885.2512684606247,887.2450776238244,5754540
2020-12-24,896.471435546875,909.5707763690334,893.6352103685389,905.5482323032192,4983970
2020-12-28,896.720703125,908.6785692814719,893.7249998473281,903.6591812470855,3449940
2020-12-29,894.8265380859375,902.8067643129659,886.9908824973601,901.2117412841958,4066010
2020-12-30,893.39599609375,899.3026437968491,889.3385869895959,897.2141578245476,4910740
2020-12-31,887.8782348632812,900.2049518494995,881.2637623864424,892.1300480484796,4760500
2021-01-01,884.29931640625,893.0970125911175,881.2637586185424,890.235900957419,2881010
2021-01-04,887.1204833984375,903.6940224196472,881.4381149933486,891.2327148849031,6133060
2021-01-05,879.3546142578125,889.2389014426365,870.9905700772472,887.2500816372651,4862140
2021-01-06,875.915283203125,887.2450942499199,860.9267884640153,887.2450942499199,5991930
2021-01-07,896.017822265625,904.092785852714,878.4723260366327,879.2698375295456,6016480
2021-01-08,914.3209838867188,923.6320994980351,892.0302119331203,900.8029601260796,8242610
2021-01-11,895.8284301757812,923.3330549288354,892.7280714653559,917.2519003463485,5424440
2021-01-12,893.1268920898438,904.1825304831524,889.4881658121926,897.6129629737383,5770450
2021-01-13,876.6430053710938,900.204855368545,868.3188762850807,897.6926363013748,5140780
2021-01-14,872.02734375,890.2308317542752,864.8147534639746,878.6717519501888,5684370
2021-01-15,860.9368896484375,879.8880585295396,858.3349828748752,872.770144068456,5196510
2021-01-18,832.8739013671875,860.9367280807563,824.8089167454576,860.9367280807563,6344360
2021-01-19,889.6526489257812,895.0209902472922,837.3999131542574,837.3999131542574,13797180
2021-01-20,891.0582885742188,899.7064240265017,881.0642953705018,891.0333416201029,7864960
2021-01-21,902.477783203125,935.9787412454416,892.2794082475965,896.7156456789554,16453770
2021-01-22,904.292236328125,918.4981284177505,893.7450283263095,904.1925701958145,8398220
2021-01-25,917.0426025390625,931.5973856056576,905.189392042373,911.5696059282999,7811220
2021-01-27,909.78515625,925.6209966677275,901.4062041390188,913.663130019244,6166310
2021-01-28,892.7579956054688,918.6725255233715,879.0305999470351,899.2079390887521,8447360
2021-01-29,869.5750122070312,908.1153185073997,864.8695907040018,901.3961910231881,7273520
2021-02-01,969.1707153320312,980.8444902063285,861.1261889569709,872.2915327453571,15653650
2021-02-02,944.6967163085938,995.9077010325282,928.6166401519519,979.7279587538138,13943900
2021-02-03,950.6532592773438,960.9463121742233,940.6144219392569,953.2003434100915,6235450
2021-02-04,967.0523071289062,972.978912416433,944.1185114004087,948.0562968319957,6047270
2021-02-05,969.2105712890625,990.9231829136212,952.6420215289697,974.9727091443879,9225610
2021-02-08,999.0030517578125,1007.8705375306179,970.7906641128973,971.9819723959965,9858550
2021-02-09,991.0877075195312,1003.6836077371667,985.1412052478295,1003.5839416088432,5126070
2021-02-10,1019.6290283203125,1032.2548032365871,987.0352249619252,987.0352249619252,14306670
2021-02-11,1018.5025634765625,1038.5653303279876,1007.37214500615,1007.37214500615,7155380
2021-02-12,1024.698486328125,1029.9172682289438,1013.6527643698046,1021.8273957046898,3802850
2021-02-15,1050.508056640625,1054.6252770235787,1024.817808640016,1029.8222886160333,5364060
2021-02-16,1042.8221435546875,1049.9399357138489,1032.892890423512,1046.7498894895327,3586040
2021-02-17,1015.412109375,1046.6301785290507,1008.0898136423586,1038.7745656219086,5822590
2021-02-18,1016.7380981445312,1027.808704928079,1010.3628733701338,1027.808704928079,4347410
2021-02-19,1021.8721313476562,1039.537251857996,1010.8612761038869,1011.8581807154293,6233430
2021-02-22,996.9644165039062,1021.747511218924,992.9319544149945,1019.8334105686896,4269080
2021-02-23,997.7669067382812,1016.3442335828652,989.8415030467368,1001.988783090776,3426100
2021-02-24,1016.8028564453125,1021.8272338171955,998.404964676567,999.8953322133142,2699760
2021-02-25,1023.2676391601562,1034.5826031774054,1010.0237889614118,1030.7993065939224,3548020
2021-02-26,961.8734130859375,1008.339124561844,957.0284710543206,991.9201340615093,8465050
2021-03-01,974.379638671875,981.8115191811319,958.3942382065891,976.8669109570628,3224370
2021-03-02,984.6427001953125,993.4154486362007,974.8829650749518,981.9510455661392,2970010
2021-03-03,1036.34228515625,1041.2619464605891,985.9785805221077,989.5674738695468,5041220
2021-03-04,1009.859375,1024.817933458698,1004.6555621705335,1011.8581735997845,4121170
2021-03-05,992.7275390625,1012.9547109166689,986.9405153256098,1004.8798082247816,3551260
2021-03-08,980.8643798828125,1001.4554736370422,977.4948983076084,993.9138878913594,2640070
2021-03-09,993.8291625976562,1008.8625015349579,982.9679279714752,996.9046353022064,3062110
2021-03-10,996.0523071289062,1006.3452988715505,989.9861204830098,999.3969027290912,2446320
2021-03-12,990.3349609375,1018.4476825151644,980.9541155278108,1005.0293856894691,4543480
2021-03-15,965.9059448242188,993.8142860871798,951.4458377730869,993.8142860871798,5459130
2021-03-16,958.3543090820312,975.5359451331313,955.533052047909,969.4897163449051,3705870
2021-03-17,949.5615844726562,963.19424233788,945.0705245040234,960.0191037070282,2934490
2021-03-18,940.0960083007812,970.4866305039664,934.2990056035726,957.0284183706294,4011350
2021-03-19,941.1427612304688,946.0475149172347,918.3086317343235,932.1058184286456,4881260
2021-03-22,937.673583984375,946.5559776611478,928.3226134811329,942.07489611821,2930290
2021-03-23,937.6087036132812,947.7172696880212,935.3257532113488,939.4828890685137,2964830
2021-03-24,917.3566284179688,934.961937149118,915.0836566892445,934.0996243924127,3354390
2021-03-25,902.9513549804688,922.1367796526794,893.2315348706162,919.6445180860504,3820080
2021-03-26,943.8145141601562,947.7572891971491,911.1708753586862,911.1708753586862,6786360
2021-03-30,947.2937622070312,961.5146229441858,941.0830651397841,951.7449686490962,3565110
2021-03-31,963.8671875,968.5526513891273,942.0748670825402,948.2905527929474,4241400
2021-04-01,975.9197998046875,979.5584651968111,963.7575511482335,969.9882050863524,3100650
2021-04-05,945.2300415039062,973.3677107440333,912.1677218826069,972.9789033414473,6121660
2021-04-06,949.00341796875,959.520750125555,944.572169384804,952.143631188694,3441250
2021-04-07,951.0071411132812,962.8503727160613,943.7048026953424,949.0033531171512,3000030
2021-04-08,962.491455078125,970.5016177906186,954.5411650553377,956.0315325976848,3536340
2021-04-09,959.9244384765625,968.492804177118,953.140449232011,958.124972156237,3286990
2021-04-12,913.4785766601562,943.0517276321175,900.7880014665575,939.0790776839468,5668360
2021-04-13,977.6343994140625,981.7017871456536,916.1603002683495,917.1522154597627,8309150
2021-04-15,970.9552001953125,980.3560646615402,956.729412106229,972.1514979537267,5875040
2021-04-16,979.433837890625,984.9417602304051,973.4773571508001,973.4773571508001,4001320
2021-04-19,944.0587158203125,962.4117643267516,936.3526624196444,947.6076939068261,6974350
2021-04-20,978.9005126953125,991.4714651924448,957.0284231735186,957.0284231735186,7987320
2021-04-22,982.3348999023438,988.121924103629,958.0253702364414,966.9975121012989,5822100
2021-04-23,988.595458984375,1011.1005943364198,970.9851596919367,970.9851596919367,6280250
2021-04-26,997.0791015625,1009.3659636097614,987.1548986808785,996.1071438619609,4195960
2021-04-27,1006.0114135742188,1010.1634996600704,993.3855768656127,996.9046795907599,3428470
2021-04-28,1045.6832275390625,1058.308941932555,1011.9728341810755,1016.8427230361109,11138810
2021-04-29,1114.1954345703125,1126.5021925920423,1048.7436341653352,1050.7374433557634,16964980
2021-04-30,1100.747314453125,1119.0255231434598,1083.5058038974971,1096.5951674457067,8353550
2021-05-03,1100.7523193359375,1107.6458326665193,1078.0677477533227,1086.7258018944226,3969310
2021-05-04,1095.244140625,1118.412190977826,1083.8345007169191,1116.5330162998189,5221010
2021-05-05,1108.004638671875,1115.999833460905,1088.1413864734059,1107.6607357727305,3077500
2021-05-06,1099.3814697265625,1115.9450301847335,1095.5981728998481,1106.564123675006,2288400
2021-05-07,1128.3416748046875,1135.763699127006,1097.5821969262395,1101.5797948765291,3434430
2021-05-10,1129.6922607421875,1151.3251638974398,1124.508405422542,1135.4743561846412,4320370
2021-05-11,1115.840576171875,1127.5640646151273,1110.4672447186244,1115.9352529212947,1986640
2021-05-12,1105.3629150390625,1128.9944955268759,1101.8188655282893,1115.5362829974165,2269530
2021-05-14,1093.75390625,1112.9193728468856,1083.4359679782883,1107.660676743291,3136030
2021-05-17,1121.452880859375,1133.9789281455917,1090.877774433631,1093.6042937808475,3180210
2021-05-18,1136.1524658203125,1155.3129460237226,1125.5154482648989,1131.053186036486,4039590
2021-05-19,1118.04345703125,1139.8607235465736,1113.547407630445,1135.4743190467084,2275670
2021-05-20,1119.314697265625,1126.497352013701,1109.6246908338096,1122.514722497406,1778970
2021-05-21,1123.0279541015625,1137.9665543179644,1117.8291308992611,1126.1732171920023,2775210
2021-05-24,1113.2235107421875,1132.982106874812,1106.065681986453,1123.0579651372966,2142290
2021-05-25,1134.063720703125,1136.9697366568603,1116.6627941017614,1121.0192624906965,3941510
2021-05-26,1186.95458984375,1194.291793605375,1134.9909339658866,1136.4713227964337,10152650
2021-05-27,1185.2000732421875,1193.1104488142598,1169.5735432788042,1187.3135063538928,4079730
2021-05-28,1167.6942138671875,1198.7727626863716,1164.3845442211014,1188.8087063216296,2633150
2021-05-31,1176.9754638671875,1181.8353737141526,1158.2037943598855,1167.694223777836,2411520
2021-06-01,1179.328125,1191.0617112345312,1159.105881767027,1179.3381037810748,3024210
2021-06-02,1178.7001953125,1182.3289429276165,1166.5330175801082,1167.2757066942654,1834210
2021-06-03,1178.3262939453125,1188.6991157338502,1174.408526932241,1186.2168329627552,1838160
2021-06-04,1211.8023681640625,1215.2267941218176,1174.852154940576,1181.8304876385682,4107690
2021-06-07,1179.193603515625,1197.1628337621362,1164.848131324935,1184.3226972941443,5147270
2021-06-08,1169.67822265625,1186.316502416416,1163.387696067191,1186.316502416416,2896090
2021-06-09,1152.30712890625,1180.1357608580888,1139.5118968004947,1170.3660467144928,3082860
2021-06-10,1195.5977783203125,1217.0212495871763,1146.4752771839417,1151.5245408411945,6299980
2021-06-11,1187.0640869140625,1204.2606903146652,1181.6210270401511,1196.2854539549653,3529940
2021-06-14,1188.92333984375,1197.7808467270193,1163.5521670898509,1181.431587360378,2887850
2021-06-15,1176.2177734375,1204.7491769580945,1172.8582099519995,1191.201278118043,3148410
2021-06-16,1181.945068359375,1194.7901942001272,1173.855197055194,1177.3443632460162,2475390
2021-06-17,1178.1966552734375,1190.0249185037096,1170.3609997956087,1171.3628937767073,2201700
2021-06-18,1196.2208251953125,1206.2546119642705,1168.456933673406,1182.3289006525827,4895670
2021-06-21,1211.8770751953125,1216.1986175258705,1174.0396063900234,1176.3473820364727,2948530
2021-06-22,1209.4097900390625,1222.8031398610742,1204.360405034976,1216.123927817253,2749230
2021-06-23,1224.423095703125,1236.1616713970186,1204.260725038386,1218.7158413571415,3785550
2021-06-24,1229.5074462890625,1235.763047649762,1212.7345733089007,1224.4232566334128,2785730
2021-06-25,1244.7950439453125,1248.1246715351017,1228.2364716520842,1231.675744154647,2187170
2021-06-28,1233.958740234375,1248.0848023243057,1228.1866229269183,1246.1309080021492,1655170
2021-06-29,1226.1826171875,1245.1337824101797,1223.3065378266008,1235.065070798035,1571780
2021-06-30,1207.1568603515625,1233.1261535963092,1202.7654661405236,1230.7784626048065,2315460
2021-07-01,1177.9873046875,1216.0242272647458,1176.4470433377044,1216.0242272647458,3215210
2021-07-02,1171.4075927734375,1193.1949193043856,1161.493310213079,1193.1949193043856,3554370
2021-07-05,1188.6195068359375,1190.503549638389,1176.2478853771074,1176.2478853771074,1558690
2021-07-06,1205.33740234375,1224.4331396760042,1183.455394462806,1185.3196012471954,3205220
2021-07-07,1233.5848388671875,1236.0621323845,1196.2856114648023,1196.2856114648023,4048000
2021-07-08,1229.8704833984375,1241.4473391593826,1220.5072635591039,1228.484435216353,2066300
2021-07-09,1281.806640625,1287.5152789593446,1230.9771313364438,1231.5753947837093,7919220
2021-07-12,1287.2061767578125,1290.8457850263585,1270.2596805880592,1285.216874796913,4091580
2021-07-13,1287.2559814453125,1296.1705326305284,1276.8458325374595,1286.5580277266179,2741810
2021-07-14,1295.4127197265625,1299.5808448933221,1281.4826148778545,1282.5794514832241,2401510
2021-07-15,1292.197021484375,1307.2588980076437,1288.5124974633686,1293.8971122343387,1779910
2021-07-16,1270.9326171875,1298.7829649572557,1268.9433153269426,1292.1968335816796,2527820
2021-07-19,1268.4798583984375,1278.3416506375272,1260.7120491989936,1264.3816014105962,1881970
2021-07-20,1256.1202392578125,1273.45563910525,1250.0775953881728,1268.8687900240175,1451370
2021-07-22,1302.731689453125,1306.2616262338217,1226.4949144686736,1227.4970513485175,5248770
2021-07-23,1316.3529052734375,1320.6157304926453,1290.8110098864374,1300.67779302424,2898700
2021-07-26,1348.6455078125,1353.6711646613107,1311.7361189030264,1316.133568645736,4211700
2021-07-27,1376.8448486328125,1380.5442228865757,1346.4617048168056,1349.2537634714786,4134150
2021-07-28,1393.068359375,1396.1045921344491,1371.5748160607443,1380.8333540811898,3194930
2021-07-29,1455.739013671875,1488.2409706826566,1390.0320335510442,1392.01634510753,7105140
2021-07-30,1418.1614990234375,1457.2147760483178,1412.0589680309104,1456.3322917619746,3545430
2021-08-02,1408.484130859375,1435.8856919084046,1404.2362778525296,1433.397816740575,2647090
2021-08-03,1425.420654296875,1427.748951986479,1411.9591790726652,1420.933495888805,2024300
2021-08-04,1414.67138671875,1444.3664331069783,1411.5702762946896,1424.9170894201836,2831940
2021-08-05,1395.496337890625,1420.823879566161,1392.175884359639,1416.7256226676398,2915270
2021-08-06,1396.5682373046875,1406.843884131863,1393.5120421289957,1402.9849325763844,1374730
2021-08-09,1420.2255859375,1441.873593820386,1396.762703568908,1396.762703568908,3188650
2021-08-10,1399.644287109375,1429.2844335416669,1396.4035619613778,1422.9276265205956,2063630
2021-08-11,1416.5660400390625,1419.2832394929926,1381.3219315819713,1405.8766604016823,2118500
2021-08-12,1429.9775390625,1433.8963775741724,1408.967720105915,1416.9448904957574,1609340
2021-08-13,1427.6641845703125,1438.9717892889516,1422.429166606985,1429.9077636974528,1538430
2021-08-16,1450.7781982421875,1456.531630457757,1426.8167421446192,1427.5546207087502,2432620
2021-08-17,1469.5194091796875,1475.7765265674655,1431.9070798915225,1448.3550032697592,2420690
2021-08-18,1496.352783203125,1519.4517182863435,1469.4647648698037,1469.5195397569685,3917340
2021-08-20,1493.5806884765625,1510.5770925363106,1475.7816497361157,1481.3955887880566,2750520
2021-08-23,1522.8319091796875,1537.5997053731435,1502.2010091729187,1510.477372747956,3266880
2021-08-24,1641.4722900390625,1653.747097109986,1521.6451810751237,1532.369493887949,12743930
2021-08-25,1585.9013671875,1675.1061615699605,1580.4769495223075,1649.7786201795948,9745980
2021-08-26,1591.325927734375,1607.8187673748016,1563.3559238256612,1595.4840718490102,6068820
2021-08-27,1614.9384765625,1620.55728452333,1573.5020044926193,1603.41140579084,4414750
2021-08-30,1651.3143310546875,1654.7644185804804,1621.3600148308894,1642.7986620134627,3360380
2021-08-31,1709.9813232421875,1715.0916982150666,1638.1368810322413,1645.2914546830582,6521270
2021-09-01,1673.83984375,1721.4236401036517,1669.238022913756,1711.7463782419393,4618430
2021-09-02,1665.5584716796875,1685.177375314818,1656.2601304129662,1681.6873629990773,2768790
2021-09-03,1668.65966796875,1681.173781683041,1651.2743628535873,1672.8925493742152,2485550
2021-09-06,1669.9207763671875,1692.0525055526302,1662.7413720551913,1678.6957120569202,1769580
2021-09-07,1673.331298828125,1689.6346179963793,1658.3491499407614,1670.1205166584791,1881930
2021-09-08,1651.3489990234375,1684.075408534543,1648.1831325753178,1671.21718760665,1909320
2021-09-09,1670.2701416015625,1677.8932236542707,1643.7011560500127,1654.6647759514844,1808160
2021-09-13,1688.9864501953125,1694.5506049715061,1653.2687199480706,1669.2230622394875,2166140
2021-09-14,1678.322021484375,1699.1374524229484,1674.7870937038788,1695.1488668538805,1592270
2021-09-15,1678.087646484375,1693.3538939068528,1675.405259489987,1680.3162539844998,1231990
2021-09-16,1668.5250244140625,1690.2029761729093,1657.7557952209836,1684.1801733102204,1542090
2021-09-17,1679.21435546875,1744.906359515331,1670.225066839847,1679.1943930669524,6549510
2021-09-20,1697.038330078125,1728.4534292833375,1665.2443104081665,1672.7179170946229,3252040
2021-09-21,1753.7061767578125,1760.4618675722152,1676.606875118262,1705.1202455669713,3846940
2021-09-22,1756.4483642578125,1772.9262322398686,1745.5047072755285,1753.8857516642656,2569820
2021-09-23,1845.1046142578125,1869.6493613356702,1763.1590756257137,1773.6740274537724,7125510
2021-09-24,1847.3134765625,1875.9316525191607,1826.513016361344,1854.6873939864167,3731750
2021-09-27,1797.9644775390625,1869.410035357419,1787.888333500907,1851.7007070642173,4071680
2021-09-28,1750.02685546875,1813.4104075693092,1738.0361457379252,1813.3107172743155,3220580
2021-09-29,1738.39990234375,1759.753828960191,1725.8408741138312,1744.8863437880905,3097120
2021-09-30,1773.599365234375,1780.8984230922927,1736.2511701095425,1745.0061444360426,3430000
2021-10-01,1712.8780517578125,1768.5436969346842,1700.1344924486502,1768.5436969346842,4326770
2021-10-04,1775.53857421875,1788.4815132389058,1725.1627255289707,1731.0409222257447,4013250
2021-10-05,1779.6568603515625,1789.8776099347554,1747.498892150785,1770.333566783481,2681630
2021-10-06,1756.6326904296875,1809.3767606059614,1750.7844374325923,1792.270687536533,3004210
2021-10-07,1742.03955078125,1782.8975963532873,1737.527439399107,1774.920425899805,2241000
2021-10-08,1749.9368896484375,1768.9874722802842,1741.0174694009513,1756.9718104722085,1522380
2021-10-11,1766.3399658203125,1799.350474162561,1755.675418120871,1761.523671354,2340900
2021-10-12,1817.0650634765625,1842.2280391640004,1758.0688556826947,1766.340229183183,4545920
2021-10-13,1813.634765625,1852.1894704154843,1809.6811142020852,1830.2622306560336,3183880
2021-10-14,1843.6138916015625,1848.7092947382453,1816.3120202332593,1829.7635144793312,1968050
2021-10-18,1862.4649658203125,1904.5494826898962,1849.985664943591,1879.6208245395048,2939480
2021-10-19,1902.2113037109375,1926.9853762691562,1854.742169842446,1894.5781189709685,3878460
2021-10-20,1855.0113525390625,1900.8602466344107,1835.1732269944443,1900.8602466344107,2247980
2021-10-21,1852.657958984375,1873.5682100630615,1829.4345036964098,1873.4385761710976,1925330
2021-10-22,1860.4906005859375,1919.5616636772525,1849.7065209938582,1854.6922528563755,5053300
2021-10-25,1803.5535888671875,1889.2932061369377,1794.8634922078993,1864.6637391270954,3018040
2021-10-26,1830.097412109375,1839.7348697684292,1792.375412501995,1814.8062129964994,2967490
2021-10-27,1796.0599365234375,1854.5924996365397,1771.929043816412,1854.5924996365397,3253010
2021-10-28,1793.6368408203125,1831.9620949520177,1775.1197661613705,1796.0598381262357,3425500
2021-10-29,1777.029541015625,1812.2138857053042,1709.0640085344635,1793.6370434659216,3205360
2021-11-01,1751.5572509765625,1792.8690764117218,1712.1999150919632,1784.8919058826373,3849290
2021-11-02,1749.25390625,1784.3833514913047,1734.2917209077787,1759.9632479473446,2719290
2021-11-03,1745.9482421875,1770.4082696843418,1739.9305520188566,1752.9532191589642,1838020
2021-11-04,1754.3792724609375,1769.934730821227,1745.0060726406464,1759.9632675489947,315060
2021-11-08,1826.7471923828125,1834.0463719577199,1746.5018627970915,1760.0530478502028,3161990
2021-11-09,1812.0643310546875,1842.2280102481964,1802.8407266732013,1826.7722407440845,1980870
2021-11-10,1827.38525390625,1832.2563233116953,1795.112623696261,1809.0726718738738,1784330
2021-11-11,1782.03515625,1829.7635566702936,1775.9176536402142,1819.792093146205,2155580
2021-11-12,1822.1654052734375,1829.6639657262226,1787.3899243449448,1808.3250082816203,2078020
2021-11-15,1807.876220703125,1829.26496101062,1794.8634122753426,1822.2849366295493,1704610
2021-11-16,1815.7786865234375,1845.8177225700024,1806.7046784023144,1817.7979323780166,2189550
2021-11-17,1820.33056640625,1836.7435561929717,1806.0214190659367,1813.3106172295977,1461000
2021-11-18,1787.010986328125,1841.9287754419568,1776.0373853626897,1820.390437615918,2745560
2021-11-22,1702.502685546875,1808.823411132312,1678.2022347766715,1808.823411132312,3707000
2021-11-23,1731.8536376953125,1738.8087084479096,1670.942876214776,1683.1828707836153,2513150
2021-11-24,1735.902099609375,1759.6640524633826,1709.1487078119455,1738.225406702193,2740240
2021-11-25,1731.928466796875,1747.1997040058309,1717.6094604876932,1729.9491459914007,1616200
2021-11-26,1663.494384765625,1718.8010728458376,1656.2600831458594,1715.091717646525,3424860
2021-11-29,1684.219970703125,1704.9207369553358,1622.7209259628512,1662.2428280151737,3042180
2021-11-30,1718.816162109375,1745.0062273220774,1683.1831495540953,1683.1831495540953,4586420
2021-12-01,1733.33447265625,1749.6627433307874,1715.1913275500767,1739.4220313467242,2383490
2021-12-02,1770.7474365234375,1783.8948699416999,1722.4157808031864,1735.034697427925,2138810
2021-12-03,1743.8792724609375,1783.8698059809647,1740.020321087633,1769.934710561919,2034590
2021-12-06,1684.524169921875,1754.872893540285,1680.291288538787,1743.7097719977112,2036900
2021-12-07,1706.017822265625,1720.077562343867,1688.3384358394849,1709.1089518013844,2300780
2021-12-08,1757.136474609375,1762.381474260996,1711.7014368985174,1711.7014368985174,2842990
2021-12-09,1754.6385498046875,1772.1184325074648,1743.7097432278351,1757.5053455110751,2103820
2021-12-10,1766.0556640625,1771.2856912269906,1725.1277527860443,1752.9830914513147,2333140
2021-12-13,1727.456298828125,1778.5051508189463,1720.077391759662,1769.9347074628408,2199130
2021-12-14,1707.46337890625,1721.0744497390174,1681.6871723550712,1715.091572161709,2420260
2021-12-15,1661.315673828125,1716.5825625598648,1657.2573414773624,1712.000703996912,2532210
2021-12-16,1665.5684814453125,1690.1631361803484,1652.770146441845,1682.1859650361343,3253500
2021-12-17,1615.7958984375,1680.1915645515633,1608.69622144311,1660.2486379693487,3054350
2021-12-20,1578.103759765625,1589.4512901564487,1540.591118752643,1589.4512901564487,3371600
2021-12-21,1578.6771240234375,1610.391418488237,1563.2263455923317,1610.391418488237,3368050
2021-12-22,1590.03955078125,1613.8763632906414,1578.482658764173,1588.5538124700126,2612920
2021-12-23,1612.3756103515625,1617.3264077239944,1598.0765662748606,1605.4055673466157,1811180
2021-12-24,1587.511962890625,1620.3628974288297,1575.4913095000313,1620.3628974288297,2087360
2021-12-27,1596.740478515625,1609.389216657045,1551.664399907815,1556.5803849659637,2351140
2021-12-28,1605.4903564453125,1620.2631430490062,1597.5930351842599,1612.6199772564044,1457220
2021-12-29,1620.2681884765625,1628.3400593123608,1592.043906272945,1605.4356358848472,1724280
2021-12-30,1612.1412353515625,1623.5336802650456,1592.8912728995615,1615.3769701543824,2831460
2021-12-31,1635.938232421875,1645.291470011181,1612.3856406109574,1615.132783661582,2300860
2022-01-03,1693.2841796875,1699.1374240434657,1635.9682254928166,1635.9682254928166,2710610
2022-01-04,1708.6551513671875,1714.0945407758625,1680.4009273438471,1705.0205335198712,2300430
2022-01-05,1793.706787109375,1799.8492429847604,1705.1203354592467,1705.1203354592467,6082100
2022-01-06,1793.517333984375,1802.8406281539412,1765.0487565711435,1765.0487565711435,3511360
2022-01-07,1770.6226806640625,1809.1176163795244,1752.9832207881345,1802.341963352988,3229140
2022-01-10,1774.8009033203125,1794.8634836127046,1768.0052874466544,1774.9205560170078,1697970
2022-01-11,1774.8704833984375,1788.3868548652779,1757.0814277351235,1764.9489265397237,1648180
2022-01-12,1788.411865234375,1813.809152744804,1769.9347147454794,1784.8919095179765,2233940
2022-01-13,1817.29931640625,1822.2750672110803,1784.89205836334,1794.6341981797552,2480130
2022-01-14,1815.773681640625,1828.1133685502484,1794.8635504906827,1799.2510190696103,1553280
2022-01-17,1831.817626953125,1838.2391906517796,1816.900235642919,1823.780569407163,1352730
2022-01-18,1810.174560546875,1850.5789494060675,1804.8398520136104,1832.4409160485752,2056670
2022-01-19,1802.5714111328125,1856.7862550976504,1782.4340934895063,1818.7950022567472,3481740
2022-01-20,1720.969970703125,1820.988670168304,1703.1260167604387,1802.3420815541529,5444730
2022-01-21,1628.8585205078125,1704.6216804904216,1617.3713751128773,1695.148790192288,5582910
2022-01-24,1566.232666015625,1638.7053149474382,1539.9928187284813,1634.173241050818,4736430
2022-01-25,1548.463623046875,1563.7697953962827,1520.6781493401525,1550.6125026754662,4090640
2022-01-27,1531.6019287109375,1552.5969001333979,1496.9161564228111,1534.2094568604475,3497270
2022-01-28,1515.5377197265625,1574.2596794370365,1510.6766315557147,1555.6479049559848,3509310
2022-01-31,1564.4776611328125,1569.6079984262255,1528.5953654037637,1554.5511133342188,3129920
2022-02-01,1585.8466796875,1596.9249615330693,1545.576912774014,1578.3780629241755,3571870
2022-02-02,1665.8326416015625,1670.2201098165183,1587.9555372434659,1598.4355549538627,5257450
2022-02-03,1630.144775390625,1666.9293947014949,1621.7287974560884,1665.8325581332053,2891370
2022-02-04,1615.950439453125,1642.2353250374713,1609.8928239082536,1630.1349440280342,2945050
2022-02-07,1566.6514892578125,1631.7352488755,1560.5339868622918,1611.3884490539704,3566640
2022-02-08,1594.352294921875,1607.3799535561247,1567.5140619646256,1576.488379113278,4103730
2022-02-09,1621.140380859375,1636.805508735573,1607.3996769879843,1613.382554197617,2510230
2022-02-10,1634.6817626953125,1650.2771456145836,1598.7247299962542,1629.8256650269443,2997700
2022-02-11,1606.7119140625,1615.3770572579147,1586.4598136403347,1595.434130625101,2446960
2022-02-14,1562.942138671875,1584.2611318699653,1540.6907552377095,1575.9897593227054,2961150
2022-02-15,1632.8521728515625,1638.0622384147725,1560.4344160018454,1584.4656197480283,3592130
2022-02-16,1622.6014404296875,1654.255847085197,1614.3899546771072,1638.1121057769856,2738740
2022-02-17,1613.50244140625,1637.1447423318575,1603.5110155383313,1631.9296864149296,2144330
2022-02-18,1605.061767578125,1624.2518457735248,1598.0118741467645,1601.516858458309,1743270
2022-02-21,1596.6556396484375,1619.1811416087533,1573.4969400182279,1599.2233645324077,2275920
2022-02-22,1614.3250732421875,1622.3571407943828,1523.1410771748124,1525.6339430949022,3223740
2022-02-23,1608.7559814453125,1634.3228278432234,1598.9291238809274,1634.3228278432234,2418300
2022-02-24,1520.1695556640625,1585.05381436192,1515.6624347378802,1555.5482882836138,3615630
2022-02-25,1572.714111328125,1601.9155756200687,1552.55683239368,1574.2946710286326,3203370
2022-02-28,1596.6856689453125,1603.895017965928,1532.1154487283038,1565.5198532401153,3732570
2022-03-02,1600.7191162109375,1611.104312881999,1558.7391566626263,1566.0183738513276,2817150
2022-03-03,1565.9285888671875,1630.129864516289,1560.2149599203672,1625.348504084673,3400140
2022-03-04,1528.9444580078125,1562.7577263706012,1516.859048559932,1554.5512310089111,3380590
2022-03-07,1433.21826171875,1495.1211817244136,1376.0519083447136,1495.1211817244136,3715210
2022-03-08,1440.9461669921875,1448.3550176452754,1391.123785613651,1435.8906887498772,4625690
2022-03-09,1497.235107421875,1515.6174358670203,1435.8906485712882,1445.9717828931641,3913410
2022-03-10,1542.3311767578125,1580.4770164948363,1526.1375292413895,1560.434398548034,4764050
2022-03-11,1552.45703125,1570.505354150128,1523.639480089775,1535.605235169014,3296320
2022-03-14,1563.3758544921875,1569.009755620346,1536.7520960789313,1543.1438381582382,2852010
2022-03-15,1566.4071044921875,1590.448286237392,1548.9720167258688,1570.405670736409,2965110
2022-03-16,1607.883544921875,1619.365699944063,1580.5816725256143,1585.522610675964,2983170
2022-03-17,1632.4083251953125,1654.1661270146053,1620.8614141240757,1635.2203461051267,4020680
2022-03-21,1613.46240234375,1639.7023698903772,1610.3912356337773,1635.314901931875,2016350
2022-03-22,1644.7529296875,1654.2657445293116,1590.5480703504265,1620.3627696564986,2652790
2022-03-23,1636.0528564453125,1668.1011538493588,1629.755935846788,1655.2628949502716,2290790
2022-03-24,1633.196044921875,1646.487961601709,1622.357069248204,1630.3342398406967,1839240
2022-03-25,1628.6690673828125,1645.2915415038551,1619.3807071977778,1645.2915415038551,1477480
2022-03-28,1647.1810302734375,1651.2742964179695,1605.5102468493983,1635.3199553897764,1751870
2022-03-29,1645.4610595703125,1657.2572572384488,1637.6283726333609,1648.8812034350883,1981380
2022-03-30,1708.002197265625,1720.0626543645244,1648.382772071937,1655.2631069210045,4547640
2022-03-31,1701.176513671875,1725.0631096154593,1693.3538083915469,1705.1201834927372,2986920
2022-04-01,1709.029052734375,1715.0916584979964,1696.2655312381632,1698.1401711756325,2101410
2022-04-04,1714.727783203125,1743.0118298461375,1690.6865991726957,1714.9920415940342,3243940
2022-04-05,1677.08544921875,1725.0631346983403,1671.0726276920507,1717.085964133261,3855370
2022-04-06,1667.2286376953125,1685.0875622685642,1660.3483037814835,1677.0854387510228,2465520
2022-04-07,1650.6661376953125,1665.2344314983716,1643.2972114427046,1660.2486996675382,2167900
2022-04-08,1670.120361328125,1679.1943683089178,1647.0164377494796,1665.2343201163258,2133830
2022-04-11,1653.0543212890625,1679.7379677623778,1650.2822251802424,1662.7415641458479,1696860
2022-04-12,1627.1483154296875,1645.4907187382191,1617.580604502953,1645.4907187382191,2476470
2022-04-13,1604.4134521484375,1645.291461500289,1600.4198761866446,1635.718880977771,2483900
2022-04-18,1578.2083740234375,1599.422686178584,1560.9677970412372,1599.422686178584,2818890
2022-04-19,1567.5689697265625,1603.4113419693242,1554.700766776901,1595.3344808224545,2596960
2022-04-20,1546.5042724609375,1575.4862732649337,1527.9572526100071,1567.613783201938,2517070
2022-04-21,1579.0560302734375,1597.5281913102997,1554.815465067167,1555.6480433435702,2364890
2022-04-22,1541.010009765625,1570.355959704997,1538.5968716945808,1565.5248146840768,2148760
2022-04-25,1522.1588134765625,1535.6053168555093,1515.6623906625805,1530.619585307277,1642190
2022-04-26,1539.0306396484375,1558.8637734927215,1525.6389105710318,1550.562578793434,2206380
2022-04-27,1478.4090576171875,1529.7321502971288,1470.9254694996484,1529.7321502971288,3411920
2022-04-28,1496.9012451171875,1520.6482277022678,1461.8813474398971,1495.7195682317388,3475000
2022-04-29,1486.85986328125,1523.6396159739813,1480.7623231160749,1523.6396159739813,2211070
2022-05-02,1491.4766845703125,1497.9880795458223,1455.8386832296062,1457.1150597898409,1907980
2022-05-04,1428.1578369140625,1501.5777258743346,1422.9278092953768,1491.4666475071838,3164040
2022-05-05,1409.89013671875,1466.9019036227082,1400.9905572658392,1445.762450664492,2969280
2022-05-06,1360.157470703125,1385.564739166415,1347.144662689325,1376.0619056338035,3516160
2022-05-09,1374.4515380859375,1397.166560436664,1332.4717024177369,1350.13611536939,4034090
2022-05-10,1359.12060546875,1393.9310224512271,1352.329979653165,1378.0564069964494,2563120
2022-05-11,1329.1759033203125,1379.1179310868913,1311.4516055226861,1368.583140060067,2918480
2022-05-12,1281.40283203125,1323.1135425869277,1271.3616216438547,1323.1135425869277,3256960
2022-05-13,1257.23193359375,1319.6981834294857,1253.9114802135675,1309.1534099288,3487640
2022-05-16,1261.91357421875,1274.223315869903,1241.4471224144731,1266.375779491069,4340040
2022-05-17,1293.5081787109375,1298.3542953689673,1259.3958410026628,1266.8544762307902,4286060
2022-05-18,1272.5731201171875,1311.2125419428394,1257.4065627851683,1304.2674515600704,3740540
2022-05-19,1237.8424072265625,1251.612933642896,1213.9059066277384,1244.6279192931484,2864010
2022-05-20,1252.5853271484375,1266.276126543061,1239.6174344859583,1260.2932486682741,3233300
2022-05-23,1253.7021484375,1275.7490391913984,1246.4329127393755,1261.390107692248,2788860
2022-05-24,1232.20361328125,1258.578206708379,1225.2685043850918,1255.4072278254685,2554750
2022-05-25,1237.0645751953125,1255.2177001558389,1229.7804901729985,1240.9484792241217,2175990
2022-05-26,1244.21435546875,1254.9087261084744,1202.7828744638653,1241.4472499046888,3792040
2022-05-27,1272.19921875,1285.3216993515207,1256.8581117705642,1261.390185942338,3295340
2022-05-30,1288.717041015625,1295.293192405828,1280.0368035755378,1288.7120504146735,2803920
2022-05-31,1289.7091064453125,1307.4532477453465,1273.714840126958,1288.7169507013177,4199190
2022-06-01,1256.0653076171875,1298.7780292458997,1249.6236599263289,1292.2018787924628,2812330
2022-06-02,1289.9083251953125,1299.2815240029627,1241.4520338721848,1250.8202420798593,3661460
2022-06-03,1265.5382080078125,1318.2273834108607,1261.5944165646172,1306.2616280395066,3171800
2022-06-06,1248.068359375,1265.2791163169877,1224.7001746025005,1265.2791163169877,3097470
2022-06-07,1230.3489990234375,1241.442252500953,1219.744337534365,1240.4500967217305,1765480
2022-06-08,1242.94287109375,1260.8915046113493,1221.504225503284,1237.558256694078,2368430
2022-06-09,1243.5411376953125,1248.222807780689,1222.0028017638188,1229.0327319315384,1742390
2022-06-10,1221.8531494140625,1234.5617736711902,1214.090331671973,1226.489903882889,2906700
2022-06-13,1135.3558349609375,1196.5756564600922,1131.7611417351707,1196.5756564600922,4877320
2022-06-14,1130.4150390625,1154.4612147258158,1123.2904085693326,1135.2511747510812,3669480
2022-06-15,1177.5999755859375,1183.6127976973708,1136.7469160699263,1136.7469160699263,4962890
2022-06-16,1143.916259765625,1203.5356788234453,1137.8486631931582,1199.0684826629267,3940410
2022-06-17,1172.1304931640625,1183.0541869610795,1131.761040183194,1132.7631770744372,4193620
2022-06-20,1167.6234130859375,1181.6183958480258,1149.9140846053442,1181.6183958480258,2428580
2022-06-21,1171.6370849609375,1189.3364342582947,1164.6570598859234,1181.0003046324866,3079180
2022-06-22,1140.291748046875,1166.6612297199306,1131.7611074633514,1166.6612297199306,2848330
2022-06-23,1151.9881591796875,1155.5928331972189,1128.25602933576,1150.4575055776595,2535530
2022-06-24,1154.9896240234375,1165.2601579393508,1139.7382274572853,1162.6725924892344,3662910
2022-06-27,1156.2060546875,1174.6382886079607,1151.703924738705,1174.6382886079607,2463700
2022-06-28,1133.201904296875,1151.7040079563837,1125.7782034482748,1151.4597119750897,3490570
2022-06-29,1107.8046875,1121.6850090839223,1100.8995217748648,1116.8039580240074,3902730
2022-06-30,1090.4481201171875,1116.8071298093503,1088.1787707589174,1112.1189026809432,3481840
2022-07-01,1129.4306640625,1131.4706067708391,1070.0441363822736,1089.2760728259263,4089830
2022-07-04,1135.9891357421875,1141.4455833260342,1118.7223789920097,1128.1787115746688,3004250
2022-07-05,1149.5953369140625,1171.8697165838123,1138.129014041887,1145.111553772175,4223480
2022-07-06,1199.8494873046875,1203.9891595552433,1150.1238616132523,1150.6226143719746,4782940
2022-07-07,1193.749755859375,1216.9567364328377,1182.0440431745187,1213.76476746983,2729250
2022-07-08,1197.31591796875,1209.7048586881901,1185.0365664796084,1201.9941604443839,1690110
2022-07-11,1190.8369140625,1201.6499608456406,1181.0015249066857,1186.5327364798952,1613680
2022-07-12,1183.515380859375,1196.0091623083783,1171.171249597018,1185.0366011862832,2272440
2022-07-13,1174.0841064453125,1208.9768342074817,1169.0766086560795,1186.133930726139,2672490
2022-07-14,1169.699951171875,1192.6974953142467,1160.3683061894546,1183.3557437691984,2405440
2022-07-15,1181.071533203125,1184.1188444695479,1165.0864824110604,1176.7572486398456,1711040
2022-07-18,1221.9443359375,1225.5952404560362,1189.0316441842488,1191.0216629464285,2834830
2022-07-19,1241.3756103515625,1243.8893436641106,1206.2884278670329,1216.9566954853367,4230630
2022-07-20,1238.9766845703125,1260.6475905335244,1234.1138449070686,1260.6475905335244,2721470
2022-07-21,1268.472900390625,1272.5526637891423,1235.016526972431,1236.9068193765074,2713300
2022-07-22,1272.2435302734375,1283.290855233425,1262.612585225874,1279.3656125531552,3024220
2022-07-25,1258.8070068359375,1276.3032922351242,1253.864410929262,1266.831982402675,1747020
2022-07-26,1327.9791259765625,1351.5052543197128,1275.809539419091,1296.757154999858,13270240
2022-07-27,1327.385498046875,1335.5551313208837,1297.709709745932,1331.6648355602038,5339660
2022-07-28,1460.552490234375,1518.5275047634527,1347.3306240945742,1347.3306240945742,16276260
2022-07-29,1501.00634765625,1516.308047541739,1477.5200374217934,1496.258211856029,10442350
2022-08-01,1503.550048828125,1521.1958623841947,1489.3754131064068,1516.2033425684917,4320160
2022-08-02,1518.617431640625,1525.185966639148,1482.4279015210363,1496.2583060554102,4248930
2022-08-03,1520.5875244140625,1529.9740858848438,1507.764609845263,1517.205965933319,3096500
2022-08-04,1514.7420654296875,1536.8516921720507,1501.7445394611714,1531.0712256942127,3113610
2022-08-05,1504.8218994140625,1521.29571849328,1498.5924820080734,1513.8144267279215,2078470
2022-08-08,1549.1907958984375,1555.0113231977155,1500.323011983666,1502.7420114884346,4870730
2022-08-10,1560.417724609375,1563.4901194291388,1538.7519347282494,1549.1260161113903,4425480
2022-08-11,1569.7694091796875,1589.0263069853654,1566.2033756214341,1589.0263069853654,2536510
2022-08-12,1572.6124267578125,1584.876679530607,1564.0886980212322,1573.0662479460989,2052510
2022-08-16,1587.6048583984375,1593.0163747522467,1577.0562858380101,1577.55503861658,1522190
2022-08-17,1679.8292236328125,1709.8740845517443,1589.026268352444,1593.714495516338,9435810
2022-08-18,1676.3978271484375,1694.6622123142388,1657.919012382667,1683.7893774079087,3616590
2022-08-19,1624.697021484375,1690.4724738268012,1608.4775727766926,1683.789235874144,5126830
2022-08-22,1583.2108154296875,1625.809243087865,1577.639664527002,1624.7369734039307,3722010
2022-08-23,1626.322998046875,1647.929001155587,1563.2607298984087,1576.0486967629652,7064070
2022-08-24,1629.3104248046875,1638.5423424769015,1613.9887559338931,1625.4351064481727,2649190
2022-08-25,1620.5772705078125,1655.360280386858,1615.9588154424284,1637.4600988137397,3693150
2022-08-26,1624.5374755859375,1646.5375135428262,1621.5799057952368,1638.20337435411,2071780
2022-08-29,1604.6273193359375,1614.9614620724467,1567.1809225659363,1568.677180869277,3079400
2022-08-30,1691.983642578125,1695.7592347334114,1632.9163925050555,1634.9114033694477,7661440
2022-09-01,1736.2979736328125,1764.2829220127696,1676.2580547709601,1676.8067314977015,10171920
2022-09-02,1728.602294921875,1780.0485932003119,1720.6970150017025,1765.0860104611668,6944080
2022-09-05,1733.2755126953125,1748.5174259191147,1716.2132006451102,1737.6545764407197,3700530
2022-09-06,1692.6622314453125,1744.238213038143,1688.90660836734,1738.153453422367,5077980
2022-09-07,1701.3055419921875,1710.123456533127,1676.8367028107557,1690.7718254462443,3207730
2022-09-08,1733.9488525390625,1744.637089694538,1699.9487953516716,1723.689474552408,4301170
2022-09-09,1716.27294921875,1754.1133778620701,1711.125908638911,1750.6221086994217,3957300
2022-09-12,1709.530029296875,1737.6546443172335,1700.9663614665799,1733.6646221718438,4250820
2022-09-13,1780.2979736328125,1839.4001755870045,1745.6346568748686,1750.6221844659397,10413183
2022-09-14,1800.8466796875,1808.9264505556116,1747.6297811943627,1764.5873761032121,3784309
2022-09-15,1767.779296875,1819.4002093757524,1765.5848333590718,1810.472583359726,3051984
2022-09-16,1730.5723876953125,1781.0461437243696,1707.7294864498015,1767.7792713207414,3277213
2022-09-19,1761.5447998046875,1774.8615957238733,1732.6670641091912,1734.2132463499818,2309647
2022-09-20,1795.1109619140625,1808.4276366421775,1775.5598775037015,1780.5474052494983,2832208
2022-09-21,1797.5048828125,1815.459981530938,1773.6146751684566,1795.5098718437848,2080898
2022-09-22,1767.928955078125,1783.5399414467477,1728.6771356416184,1782.342983480962,4480817
2022-09-23,1717.6048583984375,1773.7643487031087,1710.1235666536556,1767.5798629004157,2759913
2022-09-26,1672.6171875,1740.7467366850371,1657.355305406547,1695.7592652369124,4915173
2022-09-27,1675.3603515625,1711.470000670113,1660.8465983480914,1684.2879767632146,2624336
2022-09-28,1648.0784912109375,1674.7119603579342,1641.1458768907341,1665.8341373089354,2114266
2022-09-29,1631.8193359375,1680.796833559269,1623.9390178246233,1667.7793375663277,2418856
2022-09-30,1674.1634521484375,1694.7619665601453,1616.9565319564424,1621.6946834226935,2788387
2022-10-03,1642.492431640625,1681.7941702936484,1633.9139092176727,1681.7941702936484,1464138
2022-10-04,1696.9066162109375,1700.7469882829291,1665.884217493368,1677.8043602884968,1806381
2022-10-06,1706.2830810546875,1719.8491314961461,1690.6720956327165,1713.7144483204172,1661891
2022-10-07,1694.7618408203125,1705.584751118652,1680.2980111017166,1703.7393903008203,1150275
2022-10-10,1680.1981201171875,1689.7242236277327,1652.8664478039627,1671.120845330325,1229639
2022-10-11,1668.4775390625,1702.7917513844536,1660.8465979081398,1680.198228266957,1402150
2022-10-12,1690.4227294921875,1697.3553440500875,1663.2407044633978,1676.8566789685956,1538819
2022-10-13,1677.554931640625,1690.3230511809024,1662.2930482655909,1688.7269449140088,1065166
2022-10-14,1684.088623046875,1704.73693866493,1680.8965323140544,1704.73693866493,1239168
2022-10-17,1714.9613037109375,1720.696960245088,1669.8241805508853,1679.7992353928857,1551410
2022-10-18,1721.94384765625,1731.9189025304354,1707.7293944605358,1725.6844932340696,1661431
2022-10-19,1694.5623779296875,1726.682006054653,1688.1783184299347,1720.6969731047234,1804532
2022-10-20,1721.3951416015625,1725.6844638307005,1672.3179211631036,1682.7917286025386,1438398
2022-10-21,1680.248046875,1736.0585512015286,1670.921395046805,1727.1807281302854,2734130
2022-10-24,1697.554931640625,1719.898957731167,1688.7768344151907,1708.5772945057038,499690
2022-10-25,1654.4129638671875,1696.6573017322635,1650.8717702759773,1695.7595223378619,1870289
2022-10-27,1626.881591796875,1672.3679412754648,1616.956460501969,1667.4801398362695,2177395
2022-10-28,1649.275634765625,1656.3578995342295,1630.9215090264772,1635.061181246587,2115388
2022-10-31,1683.29052734375,1685.6346409101486,1658.003787330592,1660.8466536458334,2217631
2022-11-01,1704.7867431640625,1710.4225515608973,1686.781721031006,1687.7792264840107,2002317
2022-11-02,1706.1334228515625,1718.2032149868428,1695.0112122301264,1700.7468688258734,2036615
2022-11-03,1719.200927734375,1728.1784782708469,1689.7745120870502,1693.6648083393525,2205874
2022-11-04,1796.208251953125,1800.4975746600273,1716.7570297969867,1718.602390769652,6981242
2022-11-07,1773.61474609375,1813.3653168818319,1761.1459270406622,1808.6769678583842,2464569
2022-11-09,1748.327880859375,1793.514929742185,1741.1958137850065,1793.2156293790626,1762741
2022-11-10,1696.1085205078125,1752.5175074985427,1689.7743846822664,1740.6471672199261,2030748
2022-11-11,1714.9613037109375,1743.639586381689,1703.0909640957957,1735.6595425080886,1671510
2022-11-14,1714.0635986328125,1730.6720900169735,1703.8890909597867,1719.699529215713,1459293
2022-11-15,1704.2381591796875,1725.4850751909728,1692.0686406972536,1719.1010155912497,1401141
2022-11-16,1681.4453125,1710.2233242534041,1670.821853674221,1709.4252710796504,2040699
2022-11-17,1660.4476318359375,1695.709426926657,1656.0585832804256,1681.395247347154,1875515
2022-11-18,1650.273193359375,1670.4726805888092,1637.1060471429228,1663.8392443800547,1581747
2022-11-21,1631.7694091796875,1653.56488082108,1620.9464984508857,1650.2731856067903,1943750
2022-11-22,1639.2506103515625,1655.7593747936462,1627.928947478084,1630.9713879061023,1508906
2022-11-23,1632.1185302734375,1651.869188846405,1625.983968560844,1647.480140078433,1837952
2022-11-24,1629.924072265625,1643.3404732361491,1615.9589945350751,1634.9116000265358,1660403
2022-11-25,1629.624755859375,1642.8417042957435,1620.4477535759197,1629.9240562284106,1140578
2022-11-28,1648.72705078125,1657.7545248619094,1624.7869171918583,1625.9340729461799,2005182
2022-11-29,1627.928955078125,1648.7269201326715,1625.9838680844462,1644.886548360189,1346735
2022-11-30,1622.442626953125,1640.547375363586,1619.2506581947982,1630.1233702711131,2900845
2022-12-01,1634.7120361328125,1638.4027577178483,1620.1483586515644,1630.7220141962089,2111362
2022-12-02,1638.552490234375,1648.8766481609864,1621.1958695847811,1628.128484341686,1682841
2022-12-05,1630.12353515625,1650.8716994814363,1627.3305926516616,1645.884171688441,1383542
2022-12-06,1631.1708984375,1642.791862076274,1623.9389834314325,1625.933994467589,1177485
2022-12-07,1602.692138671875,1637.904133736856,1589.0263611710182,1631.3206213770695,2376490
2022-12-08,1614.5623779296875,1617.7544685891385,1596.2082523767208,1605.98385498294,1161239
2022-12-09,1594.6123046875,1622.8915619109064,1578.053737359144,1617.9539582784648,1766412
2022-12-12,1588.1285400390625,1599.9489562914198,1566.1834182397856,1582.1934308042196,1365732
2022-12-13,1607.43017578125,1612.8666537701192,1587.2806135566418,1596.108512804408,1279634
2022-12-14,1619.0013427734375,1623.8392200722433,1609.2756641947403,1615.7095259327862,1137059
2022-12-15,1600.8966064453125,1627.6296808716954,1596.008805126451,1615.9589151905316,1041690
2022-12-16,1583.1409912109375,1605.9838920409554,1577.2058820553714,1595.0113312878807,1533418
2022-12-19,1615.01123046875,1622.9413500061598,1586.1832989151117,1591.07109992164,1508476
2022-12-20,1611.619873046875,1614.462739523271,1589.0762718744118,1610.9215460994242,866377
2022-12-21,1577.854248046875,1625.1858352987697,1571.56991469278,1614.4626511775718,1397725
2022-12-22,1540.4478759765625,1590.2233057158792,1526.183497845925,1582.1435350804459,2100618
2022-12-23,1493.315673828125,1539.4503037081445,1488.2782222916585,1520.497699000677,1673592
2022-12-26,1531.1708984375,1541.0960291705612,1479.4502641040262,1493.1659643343296,1329547
2022-12-27,1533.8642578125,1547.5301571055254,1514.2134468983406,1541.1460971396154,1102198
2022-12-28,1518.9017333984375,1530.871800637721,1509.2259777530114,1530.871800637721,1411078
2022-12-29,1507.928955078125,1518.2033100217816,1499.3006302623257,1511.2207718022335,3417120
2022-12-30,1543.98876953125,1569.0760556773441,1522.0436498714269,1524.1883109186153,2638505
2023-01-02,1548.6273193359375,1556.1086107336955,1524.7371108454206,1546.1335555366848,1061404
2023-01-03,1559.10107421875,1566.083612618962,1540.1983939702131,1545.1359974183263,1306648
2023-01-04,1543.98876953125,1563.4401255933658,1536.557402716403,1558.1034958474327,1036103
2023-01-05,1465.185791015625,1544.138368241058,1451.071065169823,1544.138368241058,5979381
2023-01-06,1426.781982421875,1469.8742935298674,1419.4503412737286,1469.8742935298674,5207616
2023-01-09,1410.4727783203125,1447.2807556579291,1405.1361482434786,1443.390459851126,4513767
2023-01-10,1409.774658203125,1425.435446806004,1387.530235484361,1425.435446806004,2903001
2023-01-11,1396.2083740234375,1419.300650277859,1393.5650819095881,1414.4627730447949,2327598
2023-01-12,1384.3382568359375,1411.420435220028,1375.5601592525827,1401.495303661986,3168742
2023-01-13,1387.6798095703125,1396.358058769599,1370.9216683566044,1391.2708050401618,3754686
2023-01-16,1380.44775390625,1414.9114925788765,1375.7594054447202,1394.6622059231092,3480545
2023-01-17,1369.475341796875,1388.1286461652087,1350.5725392847282,1385.5351561871348,3681802
2023-01-18,1363.8892822265625,1376.5575530300096,1361.5949709318572,1376.3581006416894,2589016
2023-01-19,1351.7696533203125,1362.5426400644224,1344.7371905755278,1361.5950585102457,1910318
2023-01-20,1329.8743896484375,1358.2534964396962,1323.241074958587,1356.607587880648,2091612
2023-01-23,1329.4254150390625,1341.6448570456116,1316.2583915424086,1326.682274996776,1832743
2023-01-24,1329.37548828125,1345.6348761133295,1326.2334434702038,1332.9166813983961,1311451
2023-01-25,1311.0712890625,1331.5700751604538,1306.7321646247315,1331.5700751604538,1549899
2023-01-27,1310.921630859375,1332.8169488332287,1298.8020368957257,1311.8194101292981,1829556
2023-01-30,1340.497802734375,1356.607541644567,1314.562658555876,1317.5053729740785,4411750
2023-01-31,1339.1011962890625,1353.764600050943,1320.4978163139735,1351.021459953556,2213909
2023-02-01,1265.13623046875,1356.607432939291,1243.739665176512,1344.6373673545324,4761664
2023-02-02,1268.727294921875,1285.4355123776702,1248.9766369245212,1265.8345045614408,2419664
2023-02-03,1334.11376953125,1337.4555105874751,1278.1039294553686,1301.7447626453604,3271913
2023-02-06,1339.6998291015625,1345.6349382027302,1318.8020155266229,1334.1137008112755,1546926
2023-02-07,1347.031494140625,1358.9516365361665,1333.7646218648592,1341.7945901000562,1604424
2023-02-08,1365.4853515625,1373.5651220448958,1341.8443973174903,1353.565087356726,1516979
2023-02-09,1396.757080078125,1406.3830325318072,1353.2658645159813,1366.5825386231254,2593600
2023-02-10,1398.2532958984375,1415.1111627346972,1390.5226284875491,1402.4926941560216,2069492
2023-02-13,1385.0863037109375,1411.4702753458857,1378.3032176389947,1400.4977149015008,1467695
2023-02-14,1395.111328125,1401.4953884111405,1370.2236117488676,1386.532804193228,1390992
2023-02-15,1417.255859375,1420.3979042790813,1384.5875543360085,1394.5126853285547,1518171
2023-02-16,1424.6373291015625,1431.4204153160042,1409.525217948331,1425.4353822206062,2153424
2023-02-17,1410.522705078125,1423.6398050285766,1406.482759085068,1416.5077380955083,994199
2023-02-20,1401.0963134765625,1422.2435048344942,1397.3058653316157,1414.462912603269,993735
2023-02-21,1390.8221435546875,1405.884454159717,1386.532820654965,1405.884454159717,1117177
2023-02-22,1357.5550537109375,1388.5276480141274,1352.6174502206584,1386.4329108293364,1402505
2023-02-23,1343.590087890625,1362.5426938487838,1337.654978415318,1358.6025955269672,1095460
2023-02-24,1355.610107421875,1382.542758562707,1346.9816596476667,1350.3232790471613,1342454
2023-02-27,1354.0140380859375,1363.839443256326,1341.6449450939904,1354.5625930709123,972575
2023-02-28,1331.5701904296875,1368.4778959842845,1326.6823888544293,1360.7970301472171,1597380
2023-03-01,1340.5477294921875,1356.607544452023,1331.5701795656669,1332.3681109440913,1134472
2023-03-02,1340.198486328125,1382.4926196885588,1333.8642293539506,1371.5699837966442,3267851
2023-03-03,1351.9691162109375,1361.0463923182708,1342.7421899186752,1353.6150247135308,1199487
2023-03-06,1377.355712890625,1395.9590939955265,1353.864408469105,1353.864408469105,2466703
2023-03-08,1377.355712890625,1380.348229542242,1354.5128114301183,1371.5701319911727,1557533
2023-03-09,1349.1761474609375,1375.510195926165,1346.6324596641364,1374.5626143830962,1545024
2023-03-10,1325.53515625,1338.6523778977635,1317.7546864275157,1336.6573669023867,1389890
2023-03-13,1292.4678955078125,1337.85439814094,1288.6774474682709,1322.6923624511442,1668502
2023-03-14,1277.355712890625,1299.0514574503911,1265.8344756939432,1296.7571461009663,2060607
2023-03-15,1279.4005126953125,1306.4328870276445,1274.812011810346,1286.7820776489407,1376141
2023-03-16,1290.373046875,1300.7471280778616,1267.3806189358668,1282.29327695099,1539281
2023-03-17,1298.5028076171875,1313.0165616055012,1289.7746343376405,1301.6947765673835,1332869
2023-03-20,1242.2933349609375,1304.6872289630548,1227.9292318597825,1301.744636536975,3970911
2023-03-21,1264.9366455078125,1268.328188414342,1245.485289098784,1255.8593702034266,2333183
2023-03-22,1291.3209228515625,1311.6699396736308,1267.3807884577689,1267.8296172713242,2884348
2023-03-23,1286.7821044921875,1307.2309673930324,1275.111338762419,1288.7271915252127,1947186
2023-03-24,1237.5552978515625,1286.7821729036677,1233.1163250483357,1278.103923234597,2676573
2023-03-27,1236.009033203125,1248.4778518775286,1223.5901385097418,1241.894339970605,1553877
2023-03-28,1220.0989990234375,1244.7373386377208,1211.9693040300717,1242.1937724171498,1510246
2023-03-29,1242.9417724609375,1248.8768814580292,1222.3930618230233,1226.2335553967025,1657420
2023-03-31,1263.3408203125,1266.8320898514608,1246.8819782002565,1249.1762897464723,1830686
2023-04-03,1279.7496337890625,1283.3407510052737,1262.3432115031067,1269.8245027605333,1381342
2023-04-05,1276.1090087890625,1320.6974620101132,1272.3184386660873,1292.767304203253,3366621
2023-04-06,1300.697265625,1308.1785569762674,1268.178610237987,1276.1088521298161,1819711
2023-04-10,1301.794677734375,1313.9641968408853,1292.4181011319772,1307.7297871007027,1297282
2023-04-11,1319.899169921875,1321.6947284479745,1303.939082634956,1309.6747390036926,1281834
2023-04-12,1318.25341796875,1325.6847851006519,1312.268385078905,1317.7047412475251,1105734
2023-04-13,1337.9541015625,1342.6423284458492,1314.7121759967529,1317.6049661392838,1330391
2023-04-17,1337.8045654296875,1349.575057619951,1327.2310311686672,1341.6449373656387,1073923
2023-04-18,1331.869384765625,1345.3357099243065,1325.6848989546313,1336.6574601950383,1236391
2023-04-19,1328.0289306640625,1335.6099481542408,1318.752202520513,1331.6698501130388,590360
2023-04-20,1328.777099609375,1338.0040258136041,1321.7447586429366,1330.6224604970582,467602
2023-04-21,1314.6126708984375,1334.6625093539535,1303.2910065511778,1333.1662509353953,825513
2023-04-24,1316.4578857421875,1319.6000524254025,1304.5875459199356,1311.8194608065662,1051329
2023-04-25,1342.4429931640625,1348.627478753798,1318.802039005119,1321.694829399987,2725305
2023-04-26,1331.37060546875,1346.1337362772642,1325.3357699661951,1342.4430144580426,889092
2023-04-27,1356.607666015625,1370.5727449304918,1336.8072034787824,1349.1263737398035,3982526
2023-04-28,1351.2708740234375,1365.5351298683065,1315.5103255639324,1365.5351298683065,3376186
2023-05-02,1345.684814453125,1367.4802848048062,1342.542647842744,1356.607450736186,1387425
2023-05-03,1343.6400146484375,1347.5801129783847,1326.6824198087766,1341.6450034908303,903123
2023-05-04,1371.0213623046875,1374.8618558266069,1336.6573471241247,1338.9516584411826,2213569
2023-05-05,1355.8594970703125,1390.5228169328789,1352.0191248343867,1368.078940762872,2572062
2023-05-08,1401.2957763671875,1407.2808093725728,1359.6997239202751,1364.3880728339784,2912772
2023-05-09,1405.18603515625,1443.0912464764585,1399.0015493840158,1407.4304226686309,3772745
2023-05-10,1410.921630859375,1417.3056905260655,1391.5201972456787,1415.4603296714108,1297980
2023-05-11,1416.8568115234375,1424.1884524657576,1409.5251705811174,1417.4552904597033,915163
2023-05-12,1419.899169921875,1424.4378687000371,1403.49025298386,1416.4578246176839,1300969
2023-05-15,1417.804443359375,1426.432890441431,1412.4678131923542,1420.447857334684,1003664
2023-05-16,1424.7869873046875,1434.4129399404821,1417.4553460747045,1426.333169569362,1678746
2023-05-17,1411.869384765625,1426.8319680680038,1401.4953026561461,1426.8319680680038,804968
2023-05-18,1411.9190673828125,1426.432820663013,1408.5276462008726,1418.8018794720397,739262
2023-05-19,1411.570068359375,1419.1510861266388,1393.5651663828505,1418.5526071545046,754504
2023-05-22,1409.4752197265625,1415.1609521613884,1401.4951760196889,1407.480208799844,591903
2023-05-23,1433.6646728515625,1444.1884037972866,1411.9689298461553,1412.068656035549,1991556
2023-05-24,1422.8917236328125,1443.3905111113127,1417.6050173495978,1433.6648321318135,1047736
2023-05-25,1423.7894287109375,1426.0837400312282,1412.4677658169082,1417.5550194338502,688673
2023-05-26,1435.5601806640625,1442.6923699184686,1427.4304858290632,1427.4304858290632,1023550
2023-05-29,1445.93408203125,1464.83676171064,1440.8966307735918,1445.3354813451817,1659680
2023-05-30,1462.193359375,1463.5399673976165,1435.9091147639167,1449.8242672739598,1506999
2023-05-31,1447.430419921875,1461.3455730889925,1443.6398502751156,1461.3455730889925,1704213
2023-06-01,1446.53271484375,1455.3606147127996,1440.3980312853205,1451.8693452463879,939379
2023-06-02,1453.6148681640625,1463.2408204484525,1444.786968974076,1456.3580082480914,1129346
2023-06-05,1455.2608642578125,1465.8343986838595,1452.5675262262614,1465.3356459112554,829929
2023-06-06,1471.4202880859375,1475.2108575618804,1459.4502224976593,1462.8417654341656,1472972
2023-06-07,1477.205810546875,1479.499999968485,1468.327987897325,1479.3005475894927,837622
2023-06-08,1463.7396240234375,1481.295696817745,1459.3505753834079,1479.3006857782598,722068
2023-06-09,1462.8419189453125,1472.3182218638126,1457.9043150783154,1467.3306940119705,499104
2023-06-12,1462.343017578125,1469.3255558612402,1458.3030717222866,1469.3255558612402,465964
2023-06-13,1482.4925537109375,1488.2781340375113,1466.3330140986204,1466.3330140986204,1205104
2023-06-14,1476.7071533203125,1488.1784664675174,1465.3355663690522,1486.2831816813396,763762
2023-06-15,1471.0213623046875,1478.3032014093174,1465.9341084343766,1476.258266358263,853566
2023-06-16,1504.8369140625,1511.220974214325,1471.0214500883026,1475.3107728468558,2090874
2023-06-19,1538.1036376953125,1549.4254231268094,1512.8668202810754,1519.1510322012102,3446484
2023-06-20,1517.2557373046875,1539.350385957232,1498.402859649854,1539.350385957232,1943763
2023-06-21,1515.4603271484375,1531.1710397715,1509.4752937682233,1522.093763498005,799052
2023-06-22,1503.8892822265625,1523.3904428694743,1501.096217951606,1519.200968222855,966522
2023-06-23,1498.2032470703125,1515.9089686323055,1480.2481491482915,1503.739450969256,1237464
2023-06-26,1503.7894287109375,1507.0811237215119,1483.4900948662719,1500.6970643233908,647496
2023-06-27,1519.151123046875,1523.5401720927175,1499.2509347943565,1508.2284853021072,763062
2023-06-28,1515.061279296875,1531.1710182722509,1512.0189604308061,1526.1834905254357,1158136
2023-06-30,1524.9915771484375,1533.5746205595872,1516.0092969165423,1518.0053591902968,934639
2023-07-03,1537.06787109375,1541.4592328664237,1523.5944495050828,1524.9917175913859,1068533
2023-07-04,1626.2919921875,1631.7312140031693,1562.0187525426584,1562.0187525426584,7337423
2023-07-05,1610.52294921875,1638.7672817965677,1604.385154610235,1627.7889382522544,2006206
2023-07-06,1616.7108154296875,1620.8027191107064,1603.8361881840551,1611.8703883254336,937466
2023-07-07,1611.7205810546875,1623.4474474495678,1602.239284820529,1608.67653721594,1456642
2023-07-10,1594.654296875,1618.806603134284,1576.6397850193496,1608.7763408625265,1731894
2023-07-11,1589.264892578125,1628.7869033673667,1584.7737522195753,1594.8538428805466,1500679
2023-07-12,1590.063232421875,1601.9398278685453,1578.136808514029,1592.5084819188244,1281286
2023-07-13,1611.920166015625,1621.800699257095,1591.8597632708102,1591.8597632708102,1136620
2023-07-14,1611.02197265625,1631.7810711000984,1601.0916105885829,1619.9544253177553,1088010
2023-07-17,1607.0797119140625,1618.7566280194533,1599.8439858396164,1616.8105159452143,823296
2023-07-18,1615.114013671875,1621.8007742861682,1598.8460556347331,1615.163842136169,2077115
2023-07-19,1640.8631591796875,1646.552010421473,1610.8224428214435,1615.1140259426156,1920501
2023-07-20,1632.5794677734375,1654.9852192355286,1621.800682199749,1647.6497143620363,1159938
2023-07-21,1629.63525390625,1641.7613576004198,1617.110035187896,1629.7849829553104,1149031
2023-07-24,1654.2366943359375,1656.7317723062783,1618.8065871570984,1626.790836662189,1455663
2023-07-25,1645.6036376953125,1661.6220863885383,1631.8308809200848,1661.6220863885383,1378736
2023-07-26,1623.2479248046875,1661.6223005756722,1614.8645595260757,1646.1528157530101,2225230
2023-07-27,1611.371337890625,1659.4264431599017,1598.8459974804925,1638.2682302523274,3402069
2023-07-28,1581.729736328125,1626.79086975513,1565.3121716813005,1621.8007137129364,3285744
2023-07-31,1595.1533203125,1599.644460725509,1562.7173062185461,1562.7173062185461,1323373
2023-08-01,1569.2542724609375,1596.7999081530868,1566.559637056805,1595.153254200548,1641917
2023-08-02,1523.99365234375,1569.2543431930708,1520.9995587242142,1568.9050566367878,2170178
2023-08-03,1490.7093505859375,1519.9017636625842,1474.8905801736485,1519.9017636625842,2785017
2023-08-04,1483.373779296875,1504.3822623641252,1467.8543458442464,1498.9928696707057,2703607
2023-08-07,1505.4302978515625,1509.2726936346776,1482.0763432286303,1495.050748926928,1228780
2023-08-08,1512.765869140625,1517.3069600659826,1489.9608794146789,1506.5281738200715,1409271
2023-08-09,1513.6141357421875,1526.738270753986,1502.0369978655,1521.9976224218522,1065831
2023-08-10,1516.40869140625,1526.7382903809576,1502.1367959329923,1509.5722017738096,900666
2023-08-11,1501.0389404296875,1518.8039447066592,1494.701466609694,1515.9594582930563,792201
2023-08-14,1479.1322021484375,1495.000800908818,1464.1617340122432,1493.0546887831056,1549409
2023-08-16,1466.9560546875,1479.0821574699999,1460.119565707564,1479.0821574699999,834135
2023-08-17,1473.9422607421875,1477.0860831906487,1462.5148529521948,1470.0998652296119,1048714
2023-08-18,1457.2752685546875,1475.3895590454135,1453.1334147441942,1467.1058514244266,1053734
2023-08-21,1475.3896484375,1481.5773934673764,1448.143346528234,1452.1354715358927,1498685
2023-08-22,1464.9102783203125,1491.0586476392893,1461.4669975018703,1482.0763666294142,1557523
2023-08-23,1467.20556640625,1471.0979122497033,1455.1793641700358,1471.0979122497033,961649
2023-08-24,1465.7086181640625,1489.062572963944,1462.115730155615,1477.0861983824643,847606
2023-08-25,1500.939208984375,1506.5281595727383,1462.7645139836084,1465.708657415072,3624097
2023-08-28,1496.947021484375,1511.0192370406198,1484.0723946363287,1510.5202214405404,1066459
2023-08-29,1500.4898681640625,1511.0191454192839,1494.302123830266,1506.8772918237714,1377001
2023-08-30,1498.5438232421875,1515.8596399239786,1496.0487452814114,1507.0270883088267,700372
2023-08-31,1485.9686279296875,1504.8314413395096,1477.2856836845433,1498.0947309667145,1542837
2023-09-01,1511.5181884765625,1515.7098706073002,1484.4216181765041,1491.0585497418185,904596
2023-09-04,1507.126953125,1522.9457239336484,1503.0849996957159,1518.005518021195,685689
2023-09-05,1507.4761962890625,1516.8078855905449,1503.0350061251345,1509.0231934005333,1298151
2023-09-06,1515.2109375,1519.452570151486,1501.2385005303993,1507.975211212171,712220
2023-09-07,1516.558349609375,1521.7980133779947,1507.1268817278715,1521.7980133779947,647590
2023-09-08,1537.966064453125,1555.7310683747764,1522.047515697753,1526.9877213583914,2168354
2023-09-11,1546.64892578125,1548.9444463086747,1536.9680717238139,1546.449368270162,841557
2023-09-12,1539.4132080078125,1555.830894690275,1524.6424190358816,1555.830894690275,1444688
2023-09-13,1549.7427978515625,1561.9686792765463,1518.0053589714523,1538.964012842853,1193072
2023-09-14,1547.8465576171875,1560.5215046762153,1538.1655822221248,1553.8845730653168,920905
2023-09-15,1535.07177734375,1564.513697992887,1528.285238224311,1545.00226096577,3116428
2023-09-18,1556.8787841796875,1562.2681772419396,1529.8821122344011,1535.0718259506525,1403635
2023-09-20,1550.291748046875,1565.1124870763344,1542.0579906049552,1551.8387451467433,1076887
2023-09-21,1523.1953125,1549.1940764463156,1511.0193794425652,1527.4868957971244,1772341
2023-09-22,1540.66064453125,1547.9463206913813,1521.897731923885,1524.9916041369636,1321743
2023-09-25,1574.29443359375,1587.8676334990214,1543.6548027657682,1546.6488963550185,2962182
2023-09-26,1564.613525390625,1579.8834520865637,1547.9464524234115,1579.8834520865637,2472382
2023-09-27,1562.66748046875,1566.9091134190883,1551.140170424658,1564.6135927374974,964400
2023-09-28,1536.6685791015625,1571.849178654159,1532.0278315181824,1561.9188170159853,831496
2023-09-29,1537.2176513671875,1549.8925996631833,1529.033843750401,1544.9523936480482,1109857
2023-10-03,1557.9766845703125,1561.1203854490382,1523.9936728004316,1527.2372742651344,1083086
2023-10-04,1529.53271484375,1552.7867679539818,1518.1551351655796,1551.9384658274025,1614123
2023-10-05,1539.512939453125,1552.9364091679943,1529.2831205623977,1536.9679113873465,1153064
2023-10-06,1631.4317626953125,1637.469778495186,1547.9963768362882,1556.279962887433,7384628
2023-10-09,1618.3575439453125,1624.7947964646698,1603.4369043810177,1613.9661822915741,1712235
2023-10-10,1629.8846435546875,1640.7132571453024,1613.8163664366807,1626.790771361651,1453653
2023-10-11,1633.327880859375,1647.6994315470797,1630.2838372063707,1638.1683074333569,952433
2023-10-12,1631.58154296875,1639.715400225845,1619.6549963840137,1633.777162995821,1052767
2023-10-13,1643.3082275390625,1645.7533551078702,1616.8104519555789,1627.7887945305858,1212989
2023-10-16,1639.1165771484375,1646.1527460988239,1627.1901526024471,1640.7633530549094,859548
2023-10-17,1654.386474609375,1673.4488465270622,1642.310321224975,1646.651732661807,1689224
2023-10-18,1624.9945068359375,1661.722107247642,1618.8567118317192,1661.722107247642,1230439
2023-10-19,1631.5316162109375,1639.7154238807952,1594.255172697762,1621.8008113428803,1429935
2023-10-20,1631.8309326171875,1636.521630439895,1611.8203586890872,1624.595206548769,1191783
2023-10-23,1609.97412109375,1648.4481523436834,1602.3391577326393,1623.7968294182524,1093182
2023-10-25,1608.2774658203125,1626.7909948929619,1595.7022959926596,1609.7246842818622,1490405
2023-10-26,1556.9287109375,1605.2334465915576,1548.9444611378206,1586.869647686298,1780025
2023-10-27,1563.3160400390625,1590.1131524330403,1548.2956222851876,1572.4978780181243,2003579
2023-10-30,1558.0264892578125,1568.0068013045989,1524.991680748946,1565.8111813862981,850025
2023-10-31,1566.4599609375,1578.3364350738095,1549.3437010298992,1549.3437010298992,1592788
2023-11-01,1569.7532958984375,1576.8892431050665,1561.9187756072336,1571.7993085217986,770557
2023-11-02,1572.498046875,1589.46457848905,1563.0167497965604,1584.5742008931202,1020303
2023-11-03,1533.1256103515625,1590.512402783402,1524.8918531765594,1581.1308853937667,2519096
2023-11-06,1561.320068359375,1562.9168939488818,1536.9680821719526,1543.9543007272796,917415
2023-11-07,1566.70947265625,1604.6346593737437,1546.9484055819833,1598.8460295111854,2532282
2023-11-08,1572.3980712890625,1576.8392611589366,1556.1301148693472,1572.8970868623055,831310
2023-11-09,1579.1348876953125,1585.8715983870131,1565.9109741153075,1571.8991613968192,1108425
2023-11-10,1592.8577880859375,1595.6523241654486,1569.5537840360146,1577.887320152799,672720
2023-11-13,1582.0789794921875,1594.8038770507658,1565.6114650046156,1591.4604969601937,853825
2023-11-15,1583.925537109375,1611.8204616927442,1576.8394178014119,1596.8499930082914,1684967
2023-11-16,1617.459228515625,1624.7947331969256,1536.0199099891945,1557.9765955729367,3213352
2023-11-17,1612.7186279296875,1617.4592760928954,1578.486109303374,1589.9136395526732,1783393
2023-11-20,1590.6622314453125,1613.3674420468485,1583.0272681297881,1608.726572437021,1256179
2023-11-21,1607.2294921875,1613.2675079372007,1590.4625190520042,1590.6621983928924,1714833
2023-11-22,1620.7030029296875,1622.7988442296692,1599.3451093960914,1606.830343917446,807316
2023-11-23,1620.752685546875,1633.6273121310408,1617.0100686229882,1620.7028570858765,695592
2023-11-24,1614.06591796875,1625.7428339857058,1608.8262542993507,1621.2516936976494,625345
2023-11-28,1651.142822265625,1653.7376789891716,1614.315447051892,1614.315447051892,1564478
2023-11-29,1650.24462890625,1661.7219879824047,1645.7534883981896,1656.7318318623375,746796
2023-11-30,1670.2052001953125,1676.5926241915743,1641.3122459122733,1649.745560754617,1577522
2023-12-01,1682.630615234375,1685.3752009729246,1666.6621163919053,1676.6923784593228,1101136
2023-12-04,1692.9105224609375,1711.3241504507725,1682.5809233000548,1696.6531396808216,1419178
2023-12-05,1689.3673095703125,1710.0266278486952,1669.9556520820752,1692.96031923958,1778602
2023-12-06,1697.0023193359375,1706.6333447409688,1689.5670356595551,1697.651063979174,737176
2023-12-07,1700.695068359375,1720.6057415202665,1686.6726816526975,1697.002279922859,941890
2023-12-08,1706.7830810546875,1711.174442700706,1689.1678060086017,1701.6431960086652,1376050
2023-12-11,1699.4476318359375,1713.6196266088039,1694.906540994992,1696.8028247031884,1003371
2023-12-12,1703.3896484375,1716.3640532593472,1697.151953811612,1701.4435364462122,1390539
2023-12-13,1681.2335205078125,1706.1343504204472,1664.915612789733,1704.6373036081447,1168629
2023-12-14,1727.5421142578125,1730.4863794935425,1694.6570338581075,1696.6530963243713,2130836
2023-12-15,1729.73779296875,1737.5723134970399,1715.3661193699238,1735.526300811763,1486079
2023-12-18,1721.20458984375,1735.1271982358508,1715.1665741582706,1729.2387897669685,696124
2023-12-19,1706.3837890625,1723.1507614127097,1693.4593341721134,1721.6037643707048,1214352
2023-12-20,1677.5906982421875,1737.5723500615436,1668.7081960384266,1712.3221115210742,1540009
2023-12-21,1663.568359375,1678.488999612763,1656.981377512068,1659.7259634407885,988034
2023-12-22,1668.758056640625,1686.6726673039636,1660.3246202061196,1665.7140128581748,1279614
2023-12-26,1642.0606689453125,1680.6844249919388,1633.8269121126618,1671.7021448108655,1296291
2023-12-27,1666.1632080078125,1670.7542491844026,1650.544116536536,1653.7377677785257,1181177
2023-12-28,1677.8900146484375,1695.455461336486,1663.9175777656596,1670.7541889901465,1360425
2023-12-29,1682.48095703125,1689.3672744843814,1671.3029350823037,1679.1374552234563,738203
2024-01-01,1673.0994873046875,1688.3692911948672,1667.7100945899274,1682.481004722236,692280
2024-01-02,1682.880126953125,1686.5229651260536,1660.1749176085416,1672.6004788973005,1099965
2024-01-03,1674.346923828125,1704.6371437912078,1672.7001481229884,1676.692272581516,804258
2024-01-04,1698.59912109375,1720.555807092849,1686.6726972035035,1691.0141084782388,2268009
2024-01-05,1706.13427734375,1713.7192898352057,1694.3076323991143,1699.5971244780353,835592
2024-01-08,1693.01025390625,1720.2565552375493,1686.8723374711788,1712.5716416628316,684254
2024-01-09,1679.1375732421875,1711.623538105572,1671.0037162831063,1707.082447333707,1235008
2024-01-10,1668.5584716796875,1681.682606595674,1655.3845083006643,1681.682606595674,607010
2024-01-11,1665.963623046875,1699.2978903421906,1656.8815632614703,1675.6944274948048,861924
2024-01-12,1648.647705078125,1671.6522503229048,1638.7671721831327,1666.9615525815332,1314964
2024-01-15,1629.1861572265625,1660.8736478650842,1626.8408082697074,1651.7416380079865,1089891
2024-01-16,1620.3035888671875,1643.0587480557049,1616.8104798058785,1630.7829160511144,1063676
2024-01-17,1583.027099609375,1618.8064912175794,1574.9430718305714,1611.7703230262293,1488186
2024-01-18,1578.0369873046875,1602.189292557529,1555.9305728244767,1582.8774140472226,1133236
2024-01-19,1597.348876953125,1603.1873348927693,1577.8872692676605,1587.8176306110738,1139473
2024-01-23,1579.3843994140625,1612.0699217400092,1571.8991652936168,1594.3049173621582,3028946
2024-01-24,1617.6588134765625,1619.654875836241,1575.2424883333915,1591.5602737577688,1393463
2024-01-25,1626.9405517578125,1631.7809786127782,1610.52286575574,1618.5570654833475,1744604
2024-01-29,1633.72705078125,1638.3679200189495,1615.313424699703,1626.7907829845635,940220
2024-01-30,1587.4185791015625,1625.7928301355064,1581.879457191392,1625.7928301355064,4851835
2024-01-31,1624.09619140625,1628.7868892302527,1581.8794236703127,1590.8617043094503,1486444
2024-02-01,1619.0560302734375,1628.7868339690247,1609.8242421519833,1628.7868339690247,1352416
2024-02-02,1648.24853515625,1660.7239252194975,1623.4973125387746,1631.7810202727635,1514648
2024-02-05,1611.7205810546875,1656.6319842691225,1605.383107411535,1646.7514511959512,2578535
2024-02-06,1593.90576171875,1623.5971896398269,1575.4920131537415,1623.5971896398269,2376798
2024-02-07,1593.057373046875,1620.5531816899113,1586.2708338982181,1605.832221301966,1477982
2024-02-08,1567.4580078125,1604.7842786077913,1561.918885715827,1604.7842786077913,1486674
2024-02-09,1567.8570556640625,1584.1749631518378,1559.6232983126079,1583.1269816660244,1049368
2024-02-12,1554.1842041015625,1576.1908424629946,1548.445524266222,1575.6418765293574,803753
2024-02-13,1564.9129638671875,1583.3265912725342,1549.1440217492873,1556.9287140515385,1833289
2024-02-14,1576.58984375,1579.8833954541963,1551.9385217506476,1556.9286777691384,763689
2024-02-15,1566.3101806640625,1586.8695989001694,1561.4697537378158,1586.8196486084637,803588
2024-02-16,1572.79736328125,1581.879422666843,1563.96481169103,1579.9831390560103,850341
2024-02-19,1616.9603271484375,1621.800754264399,1568.9050988945448,1572.8972238281187,1162373
2024-02-20,1599.6943359375,1615.8125647012268,1594.3548932119888,1614.7645831755726,1232581
2024-02-21,1583.8255615234375,1615.4132733178872,1577.4880877797755,1600.8420421876613,674394
2024-02-22,1589.41455078125,1595.8518029429326,1562.7670460769016,1595.8518029429326,1149519
2024-02-23,1613.367431640625,1617.7088431198868,1592.8578411568933,1592.8578411568933,1199419
2024-02-26,1611.121826171875,1626.1920730313896,1606.8302432498363,1612.818430491761,742382
2024-02-27,1597.44873046875,1620.253719252806,1591.8597800583657,1611.1218311446696,931236
2024-02-28,1581.3804931640625,1606.5308315748482,1576.889352602852,1599.8440710268173,790763
2024-02-29,1590.6622314453125,1600.4428644525988,1565.2622634106583,1581.8295575495183,1352363
2024-03-01,1610.2236328125,1617.1100727594323,1592.0593910807374,1594.8039770006753,740120
2024-03-04,1616.1119384765625,1621.8006674704677,1600.143439596853,1612.8183868506312,589948
2024-03-05,1547.4473876953125,1633.3778503209746,1538.1158202683703,1626.790868715485,2343463
2024-03-06,1551.5391845703125,1554.9325148094472,1527.7861165563163,1554.9325148094472,1239370
2024-03-07,1579.6839599609375,1586.5204498683272,1554.0844332427646,1554.0844332427646,1380840
2024-03-11,1595.65234375,1612.9681608391966,1579.8834019348924,1594.3548544478776,1285565
2024-03-12,1590.41259765625,1608.8262237557071,1562.0684884548566,1586.9693170694577,1587096
2024-03-13,1570.052734375,1595.8018650517552,1558.9246626412394,1589.165055341238,1279653
2024-03-14,1560.621337890625,1576.8892951740968,1547.0481379437301,1562.517621535628,1289823
2024-03-15,1568.3560791015625,1586.4703697313143,1544.4532806149898,1544.4532806149898,1929597
2024-03-18,1573.9451904296875,1576.0410316339423,1557.9267405536289,1567.857102499732,645594
2024-03-19,1578.3863525390625,1586.8696177914064,1548.0461795058595,1570.9510687851769,1385006
2024-03-20,1581.5799560546875,1590.3626791364752,1563.0166005449764,1579.3843361992294,723724
2024-03-21,1599.44482421875,1606.281313775632,1588.865717550803,1592.8578424692723,1166497
2024-03-22,1584.4244384765625,1606.8301895932477,1580.2825847398765,1589.8636596410208,1570412
2024-03-26,1590.761962890625,1615.81252178391,1585.8715856174385,1585.8715856174385,1616192
2024-03-27,1579.5340576171875,1606.7304070349962,1575.0927458069352,1586.8695623602157,1205575
2024-03-28,1640.613525390625,1665.7140338496818,1584.8735085400208,1584.8735085400208,5210310
2024-04-01,1642.7593994140625,1670.704273766185,1637.1204986162982,1655.783755656599,767676
2024-04-02,1653.2886962890625,1659.6261702853167,1622.4993351281528,1647.6497954275192,1605925
2024-04-03,1637.1204833984375,1651.59193605341,1631.781040750358,1650.74363388446,1055536
2024-04-04,1652.5401611328125,1659.2269216489678,1626.7909066392888,1646.75153126063,1328509
2024-04-05,1674.6463623046875,1678.1894217099286,1648.6975517400379,1655.2347046719694,2364243
2024-04-08,1685.824462890625,1698.6491397264408,1681.5328799043286,1686.6727650632695,1345380
2024-04-09,1707.03271484375,1711.6236343366143,1683.928266492392,1691.613058567622,1284145
2024-04-10,1700.7449951171875,1718.609778504808,1692.660966518092,1713.6196223535164,1031729
2024-04-12,1695.3057861328125,1702.8408488787795,1686.2237262365554,1696.6531039375895,1312132
2024-04-15,1653.5880126953125,1688.6688346607932,1650.9432055799948,1668.7082101376159,828843
2024-04-16,1615.3134765625,1645.453969685428,1608.1775292076738,1636.7711470883535,1528544
2024-04-18,1590.761962890625,1626.890643799508,1586.1710437110958,1621.8007090172043,1325537
2024-04-19,1615.8125,1625.5433041229155,1565.6114823056857,1583.8755018529957,1242066
2024-04-22,1626.241943359375,1644.7554714575936,1614.315518860836,1623.7968155713013,703167
2024-04-23,1617.9083251953125,1648.747513093135,1612.8183905317833,1625.3935590622607,1297705
2024-04-24,1627.14013671875,1645.603713852536,1614.8644261007614,1621.8006941838944,578310
2024-04-25,1652.2906494140625,1668.7082143942614,1612.4691790227482,1626.7909027886637,1569437
2024-04-26,1594.2052001953125,1645.8034891569664,1575.3423851170676,1645.8034891569664,5325417
2024-04-29,1592.508544921875,1599.844050042975,1584.2248370411876,1599.844050042975,1132800
2024-04-30,1611.8204345703125,1630.7330776247632,1588.1671431788905,1592.8578412224265,1748360
2024-05-02,1612.26953125,1631.78109088524,1607.8283409272917,1611.8204659202831,1304846
2024-05-03,1624.09619140625,1721.603789168006,1614.8144526804833,1646.9510080129614,5227529
2024-05-06,1608.177490234375,1634.6752663456684,1603.886029331193,1634.6752663456684,725360
2024-05-07,1611.97021484375,1621.8007983941725,1589.8637980565643,1617.8086733519715,1348125
2024-05-08,1599.8939208984375,1616.8105005518503,1595.602338121772,1597.8479082614272,802342
2024-05-09,1561.5196533203125,1609.9241684473648,1556.5294971216472,1603.5367441470762,1364729
2024-05-10,1569.6036376953125,1581.0311681657138,1552.93656519418,1556.9286900404375,768117
2024-05-13,1577.438232421875,1583.8754848096203,1553.235976274028,1570.9010794520116,466042
2024-05-14,1573.34619140625,1586.7697837594358,1565.9608582019434,1572.248381483716,652248
2024-05-15,1565.9610595703125,1586.520479978712,1563.515809787983,1576.8894535703378,581805
2024-05-16,1592.8577880859375,1597.8479440636504,1557.3777303524073,1571.9490832713127,1212568
2024-05-17,1581.6300048828125,1594.8539187901779,1576.9393067948354,1591.8598250753028,699522
2024-05-21,1579.434326171875,1592.1592239870204,1568.9050482673506,1584.3745318857627,903561
2024-05-22,1580.8314208984375,1586.8695582009411,1571.8990906707436,1579.434274726267,578669
2024-05-23,1605.2830810546875,1610.0736790875399,1578.136683748441,1583.9751413428762,1547483
2024-05-24,1598.5465087890625,1616.8105283037446,1593.9057612181,1605.832185210324,566278
2024-05-27,1592.6583251953125,1609.6746849922315,1587.1691532937282,1601.840164007786,1365230
2024-05-28,1596.500732421875,1601.8401753069004,1586.3207404527727,1599.7941624880646,1306333
2024-05-29,1566.8092041015625,1599.195267785915,1562.0186056130694,1591.0114606838847,1665575
2024-05-30,1521.099365234375,1572.0987364517252,1514.013367904838,1563.665421334809,2285079
2024-05-31,1525.5904541015625,1548.9943586270422,1515.9096002814574,1526.9877221348713,2794001
2024-06-03,1572.6976318359375,1579.8834078268462,1553.3856304291537,1576.889314192304,1826290
2024-06-04,1474.3916015625,1566.1105751775906,1416.2562817544874,1552.9366115239063,4388491
2024-06-05,1514.7120361328125,1524.9918071248785,1470.0003075559416,1487.0666182042337,1456768
2024-06-06,1523.4447021484375,1538.4651206932317,1507.8256110695438,1518.5044963572832,2891789
2024-06-07,1564.613525390625,1576.8893583681431,1527.5367623081722,1535.9201272557616,2787254
2024-06-10,1562.71728515625,1585.8715600192531,1556.2799108863783,1582.9274167423985,1154334
2024-06-11,1565.1624755859375,1574.2944857014074,1554.9326554840686,1569.903123925828,1184425
2024-06-12,1575.9910888671875,1590.6122707335744,1558.9247792224899,1564.9129665946634,1799090
2024-06-13,1586.969482421875,1592.4088258877653,1577.8874223203738,1583.8256595863586,1095701
2024-06-14,1588.6162109375,1592.857843666562,1572.2484743934758,1586.9694350413968,681385
2024-06-18,1594.803955078125,1601.7403452238832,1581.8794993829833,1595.851936601508,1282756
2024-06-19,1591.760009765625,1596.8499445980347,1579.3843983289937,1596.8499445980347,1269273
2024-06-20,1582.87744140625,1591.859721969085,1570.0028149001912,1589.3646440349642,1649421
2024-06-21,1576.78564453125,1608.6928100086732,1568.3968689881494,1583.8761122032506,3345305
2024-06-24,1585.52392578125,1587.720930892528,1558.9095896987467,1567.9475191704994,822750
2024-06-25,1601.202880859375,1608.5929956756343,1568.896226109838,1585.5239539697102,3093861
2024-06-26,1598.1070556640625,1614.335294785788,1591.6157600153724,1604.84801653001,1310438
2024-06-27,1600.9532470703125,1612.5376890034836,1592.9141000564855,1598.107087917506,2620064
2024-06-28,1586.023193359375,1619.8278374727374,1580.9799074947673,1600.9531237398073,2058302
2024-07-01,1578.0838623046875,1588.8194666863956,1575.8868571474482,1586.0731492864236,2444681
2024-07-02,1577.634521484375,1582.8774910920934,1559.0094717346353,1578.0838701165842,2572175
2024-07-03,1592.0152587890625,1595.36074834005,1571.4927290382882,1580.8801656477615,892102
2024-07-04,1583.576416015625,1607.8439227427384,1578.6830755153571,1607.8439227427384,1450706
2024-07-05,1577.4847412109375,1588.5698528754494,1567.9974626131109,1584.8748562895616,1070592
2024-07-08,1567.997314453125,1577.4845921544993,1559.9081862680575,1577.4845921544993,1000005
2024-07-09,1579.4820556640625,1581.779024497682,1564.9016308998432,1575.5872537711998,1233946
2024-07-10,1580.4307861328125,1586.8720998900824,1568.646539271458,1581.7789539067944,1355610
2024-07-11,1585.7236328125,1593.8627432574958,1573.889525923442,1581.8788128570634,1848978
2024-07-12,1595.111083984375,1602.7008822596229,1583.0273117677093,1602.7008822596229,1003699
2024-07-15,1600.0543212890625,1602.8506203552215,1585.8733863701507,1594.8613337740117,1753186
2024-07-16,1607.3946533203125,1612.837306303304,1596.2595602297908,1602.8506975955438,980434
2024-07-18,1649.038818359375,1651.7851358464231,1590.9168024871315,1603.849412436128,2999670
2024-07-19,1638.053466796875,1657.7770186756973,1632.8104973100994,1649.7877318387061,1865129
2024-07-22,1628.9656982421875,1649.5880695353828,1620.87656959761,1622.8239095263036,784867
2024-07-23,1616.68212890625,1645.7431359117727,1597.3080836002864,1632.8105263769075,2718846
2024-07-24,1577.1351318359375,1609.7414326488038,1559.9082323430328,1598.4565163921645,3675430
2024-07-25,1569.8448486328125,1580.530592696559,1555.9135787666685,1563.5033767207476,1694503
2024-07-26,1584.325439453125,1590.6170515022932,1566.948838377976,1575.8868041253295,2768936
2024-07-29,1614.9844970703125,1622.8239607454673,1580.380872541355,1586.0233310016242,2217892
2024-07-30,1640.4503173828125,1667.6638263374218,1593.0637855269172,1611.8386588161381,3703774
2024-07-31,1649.438232421875,1654.0320479926672,1635.4569803935597,1648.689236777501,1324150
2024-08-01,1632.61083984375,1656.7783841469288,1627.8172189026486,1652.7837406649592,747329
2024-08-02,1621.2760009765625,1626.8186177740756,1600.8534341877491,1617.830669609578,1105569
2024-08-05,1565.6005859375,1602.8506848847874,1559.908267781955,1587.8707719419388,2058076
2024-08-06,1562.00537109375,1595.8599974229514,1555.014745322811,1573.0406219663253,1897942
2024-08-07,1569.295654296875,1582.6777338143431,1561.55603285622,1581.9785980885026,1443063
2024-08-08,1537.9876708984375,1574.338827842456,1530.497714620383,1560.357576123421,1683534
2024-08-09,1558.110595703125,1560.4575462054563,1543.43033009998,1557.8110705948645,1014828
2024-08-12,1556.912353515625,1568.7464608784246,1546.0269252514327,1554.9150317022631,1125254
2024-08-13,1541.283203125,1566.8988783862974,1534.9917128950879,1551.9189655910175,1817066
2024-08-14,1527.102294921875,1544.3790548421182,1524.7554662569305,1542.9310453422372,1173504
2024-08-16,1547.824462890625,1550.370974892787,1521.2101270786666,1536.939035335019,1841887
2024-08-19,1549.0228271484375,1561.8057348497223,1542.98100212237,1561.8057348497223,940893
2024-08-20,1599.95458984375,1622.7241069320196,1549.4223731167049,1552.8677044295396,3149863
2024-08-21,1618.779296875,1626.6188822707104,1597.8074184960294,1597.857400302527,1966030
2024-08-22,1623.52294921875,1627.8172397796802,1611.8886474537771,1622.6242519492566,1325535
2024-08-23,1637.7039794921875,1642.7471437243294,1621.0262698761312,1625.7200490931816,1114056
2024-08-26,1683.94189453125,1685.7395328432278,1636.5554854542888,1646.7917592763522,2446507
2024-08-27,1716.697998046875,1726.6846065288232,1649.787721217823,1683.9418734633487,4205533
2024-08-28,1711.205322265625,1732.6765299859114,1697.773382942879,1725.6859042165158,1444329
2024-08-29,1753.2989501953125,1769.627030753458,1709.2580309783584,1713.7020230095566,5508206
2024-08-30,1780.662353515625,1791.0983110817426,1747.706544056078,1767.5797982955999,3865499
2024-09-02,1838.0853271484375,1859.5065542116063,1785.4059658516264,1793.9944250181734,5442576
2024-09-03,1863.1016845703125,1868.4444958144218,1809.523504804479,1847.5225994643067,4429269
2024-09-04,1869.393310546875,1877.1827922038212,1830.595360053769,1837.7356877625916,2634954
2024-09-05,1862.4525146484375,1872.1894579945106,1847.5225836138627,1865.4984790219976,1441842
2024-09-06,1854.6629638671875,1895.4582339305312,1833.541263169892,1861.5037660940516,2970645
2024-09-09,1857.95849609375,1871.240733921815,1836.587251814858,1857.5091474820952,1576721
2024-09-10,1822.0567626953125,1872.2894533673814,1812.819149620535,1872.2894533673814,2155688
2024-09-11,1830.6951904296875,1851.3175616887793,1811.8204756856571,1826.550723455459,1492450
2024-09-12,1852.3660888671875,1857.5092167249725,1814.3671159379687,1848.2216218786098,2040386
2024-09-13,1891.9130859375,1904.346487238603,1844.0273447301283,1872.2894968537462,3078216
2024-09-16,1855.1124267578125,1918.4275509465804,1835.5886796931716,1899.4529942219656,3180768
2024-09-17,1846.2242431640625,1874.3365701460361,1836.0879331799028,1856.510498562189,1920113
2024-09-18,1885.67138671875,1894.4596510477604,1840.7316480275801,1846.2242827565008,2960854
2024-09-19,1887.8685302734375,1899.4529719671575,1873.4877893850617,1887.4690415446516,1821882
2024-09-20,1914.233154296875,1921.922794031954,1881.826536769119,1889.566158309128,4225587
2024-09-23,1917.37890625,1931.410140365445,1912.0360949276696,1927.2656733354115,1118846
2024-09-24,1902.0994873046875,1921.0240623953584,1895.8078749389683,1917.4289075750248,1461016
2024-09-25,1925.91748046875,1936.2037361533585,1893.5109841232631,1902.448950113025,901659
2024-09-26,1980.144775390625,1985.5874282418292,1927.565257436048,1937.402042393637,2541200
2024-09-27,2008.00732421875,2027.1816857008694,1963.6668799625668,1974.2026787958596,3718693
2024-09-30,1970.7574462890625,2016.246377182602,1965.6643000756571,2008.0074247498776,1859917
2024-10-01,1972.6048583984375,2004.4121823223418,1966.4132098458626,1970.3578714694936,1326900
2024-10-03,1910.8377685546875,1967.4119322730583,1893.960375156631,1958.3740024688393,1702709
2024-10-04,1882.0263671875,1932.408758670195,1862.7521638809208,1910.7378668318247,2423416
2024-10-07,1876.783447265625,1899.0535118252444,1866.2975079880853,1882.0264169043949,1423722
2024-10-08,1835.6884765625,1891.4136791748383,1830.6451904777193,1870.6914664159456,1423384
2024-10-09,1864.4498291015625,1878.680746244264,1833.0919758704874,1846.5239155687564,1411255
2024-10-10,1873.1881103515625,1885.3218640783693,1857.5091837461198,1872.2894131107075,1209065
2024-10-11,1873.8873291015625,1881.2774441112251,1852.6158032600874,1873.437858554382,516757
2024-10-14,1864.699462890625,1882.5755162236828,1860.055787531999,1882.5755162236828,809881
2024-10-15,1851.46728515625,1893.2113586002436,1839.5333364323612,1871.0909957813194,2072690
2024-10-16,1859.5565185546875,1868.4944845631096,1844.776288941317,1852.5159106705335,850008
2024-10-17,1813.368408203125,1866.9464649259046,1806.67730740826,1865.4984554657153,1115879
2024-10-18,1817.462890625,1830.8449702883422,1790.5988895954897,1812.5694281181338,990257
2024-10-21,1756.0452880859375,1821.457574694587,1751.6011740959002,1819.5600946711354,1663903
2024-10-22,1720.293212890625,1768.5784422083739,1713.851898957204,1756.1951447830945,3142294
2024-10-23,1737.3702392578125,1777.1169900169962,1725.2366074049744,1725.2366074049744,2585058
2024-10-24,1739.7669677734375,1761.637663831626,1716.348420608252,1737.71978626286,1502718
2024-10-25,1705.1136474609375,1749.5540575739988,1695.826052315019,1739.7671319773717,875973
2024-10-28,1728.1326904296875,1735.5228054060028,1699.6708550302342,1708.4591196356112,653158
2024-10-29,1764.3341064453125,1773.122370845018,1700.7194579268182,1722.8398205307817,1561586
2024-10-30,1750.1031494140625,1775.069670544149,1737.86955406032,1764.3340664582117,826677
2024-10-31,1748.405517578125,1752.6498262742307,1722.7399819902944,1742.8629009887081,869480
2024-11-01,1752.35009765625,1769.7768021646955,1743.9614442670807,1759.6403704281374,134827
2024-11-04,1710.2066650390625,1755.6457326357208,1691.7814215565597,1752.3501031461947,1294236
2024-11-05,1733.32568359375,1741.964124102901,1683.74214929973,1711.8044940733578,1646381
2024-11-06,1746.358154296875,1757.3434234875056,1729.780408808746,1729.780408808746,926170
2024-11-07,1727.3836669921875,1754.6471576466463,1702.7667739451024,1742.6632271447909,855044
2024-11-08,1737.4202880859375,1741.1652664335863,1714.7007527768671,1736.6712924164076,869560
2024-11-11,1715.150146484375,1749.6039481880784,1710.7561359664846,1725.2367192912295,696798
2024-11-12,1689.4844970703125,1730.6292754270062,1686.4885145130725,1722.689970413057,903492
2024-11-13,1662.2210693359375,1693.6788873659823,1655.2304431070386,1687.7369038341571,668302
2024-11-14,1637.6041259765625,1671.308929980689,1631.362495605428,1662.7703308702398,744472
2024-11-18,1613.8359375,1639.75113785739,1607.8439723855197,1631.8118328434405,1618700
2024-11-19,1594.2122802734375,1623.772618104479,1578.4335114257854,1620.7766354478158,2569730
2024-11-21,1567.1485595703125,1593.8627376608054,1563.1539161175285,1593.8627376608054,984265
2024-11-22,1598.706298828125,1603.8494269134828,1559.958328532482,1567.8476522228282,2082813
2024-11-25,1602.7508544921875,1636.605482363342,1597.8573918482832,1615.8332875065764,2191916
2024-11-26,1592.2650146484375,1612.737563758118,1579.8815947080407,1612.737563758118,2483861
2024-11-27,1597.9073486328125,1606.4458257926906,1586.872097430424,1593.8127416048433,1335825
2024-11-28,1572.94091796875,1607.8940498834259,1565.5508028397057,1602.8507635158544,3458405
2024-11-29,1577.8341064453125,1585.8233929680914,1572.8408023685759,1579.7815681793427,1998058
2024-12-02,1594.511962890625,1601.65241276308,1564.9016425916782,1585.873521656404,1423549
2024-12-03,1604.9478759765625,1607.7441752034922,1592.9140855158455,1594.9612671758784,1045367
2024-12-04,1625.919677734375,1630.0641445724596,1603.9491394096121,1616.8318885359547,2271608
2024-12-05,1641.8983154296875,1651.8849241506355,1603.3000483418548,1634.5581824011597,1706032
2024-12-06,1633.01025390625,1647.7405021721304,1622.873943303004,1637.8038749860216,1049225
2024-12-09,1634.8577880859375,1645.3437269777817,1617.031594444329,1639.8011105150701,859106
2024-12-10,1661.1724853515625,1670.7596051479707,1634.9076561851246,1642.5474360831588,1673974
2024-12-11,1684.2415771484375,1688.0863971619817,1646.7917940810992,1664.8675316602319,2131913
2024-12-12,1677.05126953125,1688.2362226577554,1672.3574902371918,1682.7435878014303,1137744
2024-12-13,1677.4505615234375,1681.3453631746252,1632.81047080901,1664.867459340773,1389802
2024-12-16,1671.40869140625,1681.694824619723,1658.1764356549998,1672.7568591202928,797240
2024-12-17,1640.9495849609375,1671.408740605691,1630.8631348501085,1670.7595866777954,1045630
2024-12-18,1628.5662841796875,1645.1940127656208,1620.4271733558435,1639.801219453041,952592
2024-12-19,1587.42138671875,1621.975027395592,1580.9300912598376,1614.63489460419,1681562
2024-12-20,1567.5479736328125,1601.4524595606686,1562.9041764587719,1587.4213482451894,1806341
2024-12-23,1561.306396484375,1592.6143897347254,1558.4602374446781,1580.8801247531403,1017438
2024-12-24,1562.4549560546875,1570.7437683604035,1549.5722060946748,1561.0068246091034,810638
2024-12-26,1557.2120361328125,1572.7911222516493,1552.368433099254,1552.368433099254,760870
2024-12-27,1577.1851806640625,1583.8761598147914,1559.0094794565064,1565.8502821209956,1174865
2024-12-30,1574.5885009765625,1585.7235937473472,1558.360262292435,1577.8841305182293,1307371
2024-12-31,1566.0,1573.839463018284,1557.9108717779054,1567.8474981268307,1041557
2025-01-01,1574.2889404296875,1581.928720081145,1562.9041827046565,1562.9041827046565,464064
2025-01-02,1698.3726806640625,1715.5995811555667,1574.28906408033,1579.182526862185,8022190
2025-01-03,1698.822021484375,1717.6967367521488,1689.7342317352534,1697.7235188829377,1563600
2025-01-06,1682.3441162109375,1730.6293460131355,1672.7569960181136,1712.7034317439193,1837772
2025-01-07,1680.49658203125,1701.3686186333605,1671.9579828145722,1689.7341950954537,1242573
2025-01-08,1694.7274169921875,1706.7113468707416,1666.315565334518,1678.7488438207822,1437122
2025-01-09,1688.0364990234375,1698.2227910242682,1672.7569391153481,1694.7274780171615,1036731
2025-01-10,1698.9718017578125,1715.8990547084002,1677.750258311903,1679.7475800479885,1467079
2025-01-13,1671.9080810546875,1697.723439563147,1664.368142898597,1687.3373423750395,1177882
2025-01-14,1711.205322265625,1727.6832258649147,1681.7448279517434,1686.7381320727404,2084348
2025-01-15,1669.411376953125,1728.1325597724233,1647.7903459117636,1718.7951055269575,2098490
2025-01-16,1695.0770263671875,1703.6654855846268,1676.951306948798,1677.7502844184023,1105433
2025-01-17,1678.3992919921875,1696.1255211297782,1668.7122091221916,1683.841944570291,905680
2025-01-20,1732.8763427734375,1735.6726420527173,1672.157833272664,1684.0419223493313,1674215
2025-01-21,1714.70068359375,1748.6551525758045,1708.7087184792697,1742.6631874613242,2008953
2025-01-22,1740.965576171875,1744.5107491829338,1708.2094502571717,1717.6967287005762,1369310
2025-01-23,1743.8116455078125,1763.6350387477025,1728.1325972174234,1740.216490874746,1888122
2025-01-24,1726.385009765625,1752.5499978940807,1722.690013282482,1748.6551960913773,747930
2025-01-27,1709.307861328125,1730.3297206740492,1699.720741690557,1712.553509042869,1017680
2025-01-28,1766.5810546875,1785.6555743706938,1712.7033508110212,1730.629264233158,2439528
2025-01-29,1788.00244140625,1802.532883883073,1764.8834179441585,1774.5703795953739,1880079
2025-01-30,1742.8629150390625,1853.514589053485,1738.668588115365,1822.5561018440787,5190089
2025-01-31,1733.7750244140625,1751.351430456518,1695.9257549723027,1711.3051559745156,1917476
2025-02-01,1751.651123046875,1777.616305030466,1614.8345872102605,1744.6604971282159,2887325
2025-02-03,1792.4464111328125,1802.582843191964,1731.0287685531416,1732.6765833451843,2918355
2025-02-04,1810.82177734375,1816.464235499828,1770.425994922946,1797.5895211464222,2285643
2025-02-05,1794.3438720703125,1824.1040139944212,1777.616302927595,1808.5747891021767,1286850
2025-02-06,1785.6055908203125,1810.5221301397721,1777.0669918330157,1805.5788077198686,1119866
2025-02-07,1795.9417724609375,1819.5601266976298,1781.9605201152915,1798.588248179161,1748940
2025-02-10,1789.999755859375,1804.5301982770882,1772.4233490456909,1802.4830166513161,908769
2025-02-11,1742.5133056640625,1792.8958171270995,1739.6671467112585,1789.9996763706097,1944713
2025-02-12,1786.3045654296875,1798.4383188111324,1724.9369066159013,1746.657779517274,1888823
2025-02-13,1846.7735595703125,1851.017868143071,1794.244023733539,1801.5341747261728,4070038
2025-02-14,1838.8343505859375,1865.0990589211917,1822.5561292713505,1851.017964714766,1823774
2025-02-17,1892.3125,1896.207301722629,1827.9987164449976,1838.8342842660297,3022597
2025-02-18,1891.1640625,1911.2372437432678,1878.2814346543569,1889.4663877642186,2116513
2025-02-19,1872.838623046875,1896.6566602226362,1865.5484718988616,1888.5176717233476,768994
2025-02-20,1878.730712890625,1884.9723431660093,1858.5578126033201,1865.348633198833,1012144
2025-02-21,1876.833251953125,1890.764644013274,1863.9006426540152,1869.6928024642505,852037
2025-02-24,1855.312255859375,1887.3692461447092,1850.5186348100262,1865.4985482056823,1076484
2025-02-25,1872.5889892578125,1893.461026003887,1855.312229200513,1855.312229200513,1761019
2025-02-27,1922.971435546875,1936.2036917203786,1878.481046215868,1879.6295305670121,2878330
2025-02-28,1869.7928466796875,1917.4289227156657,1860.055902931522,1908.4909564480374,1797567
2025-03-03,1836.0880126953125,1882.176114857355,1816.2644966693535,1882.176114857355,1046987
2025-03-04,1787.902587890625,1831.044688315356,1782.8593017807414,1827.2997100872772,1443339
2025-03-05,1799.38720703125,1806.3778331317492,1730.6792903093192,1784.6069773703136,2143253
2025-03-06,1842.9786376953125,1850.51857596075,1781.7108182368581,1816.364423267547,2176883
2025-03-07,1842.8289794921875,1863.0518624094755,1834.0407149431708,1842.6791559780977,1332323
2025-03-10,1837.885498046875,1886.2207082817645,1832.542686801873,1842.2796302331092,1703046
2025-03-11,1802.982421875,1834.390258567658,1785.855362976617,1827.5494557512702,2298735
2025-03-12,1817.013427734375,1821.9068902617962,1797.5895230398203,1811.5707748856855,1196955
2025-03-13,1805.029541015625,1837.536001102209,1800.7353724180255,1825.552070660238,1333932
2025-03-17,1869.0936279296875,1878.3812226245107,1794.743376193088,1817.5627523007704,6994837
2025-03-18,1869.0936279296875,1869.0936279296875,1869.0936279296875,1869.0936279296875,0
2025-03-19,1839.782958984375,1861.9033212902943,1837.5359720620165,1852.5158848777396,2411880
2025-03-20,1849.3699951171875,1852.5158010475036,1811.670549570264,1839.7828757303307,2306910
2025-03-21,1844.7762451171875,1877.4823877765937,1822.5560413256826,1875.4850660874695,3537391
2025-03-24,1891.613525390625,1896.157359238885,1843.0286493216386,1852.8654345830862,1864839
2025-03-25,1942.4454345703125,1951.7828896148192,1892.362565995606,1902.4490167159852,3512725
2025-03-26,1940.7974853515625,1975.3511257584876,1932.408709981129,1948.3872832936345,2779682
2025-03-27,2003.0640869140625,2008.8063870510466,1930.0120181813215,1937.402133173766,4506778
2025-03-28,2004.661865234375,2019.2922713044732,1991.5294504634642,1993.0774235686954,1907116
2025-04-01,1934.505859375,1999.3189712871035,1929.9120439622018,1995.3243279878286,2125921
2025-04-02,1928.3641357421875,1960.8705954454645,1918.3775271583042,1943.6936774439228,1057344
2025-04-03,1917.878173828125,1947.3886506038587,1902.3989307079405,1912.4355209776356,1598430
2025-04-04,1909.7391357421875,1927.365401697963,1894.4595764263038,1909.439488733312,2120708
2025-04-07,1850.1690673828125,1891.4636695785684,1821.0580789210767,1832.5426788155612,2594074
2025-04-08,1900.6513671875,1931.4101715257261,1871.190870775913,1887.469092132173,3182018
2025-04-09,1893.161376953125,1915.731210312952,1875.4851281818806,1896.4570066120295,1394829
2025-04-11,1943.6937255859375,1963.3672962207313,1903.9969554817799,1906.892974517361,1880510
2025-04-15,1965.364501953125,1981.3430751397357,1958.1741927818857,1981.3430751397357,1250872
2025-04-16,1966.5628662109375,1973.0541616341188,1946.9891382393275,1958.3738961321214,1033717
2025-04-17,2032.5745849609375,2036.9685954093554,1952.3820656745822,1958.8733615451115,2104540
2025-04-21,2100.68310546875,2115.8627016801634,2032.9738508344747,2034.3720004108307,2642028
2025-04-22,2074.218505859375,2107.174312644815,2067.2278801776147,2101.1823477747353,1447675
2025-04-23,2097.98681640625,2114.9640512929313,2054.644788113215,2091.1958736888396,1483177
2025-04-24,2102.18115234375,2132.1409787429484,2082.607301570797,2118.9587038900395,1465968
2025-04-25,2042.7607421875,2122.154278733042,2020.390715056193,2102.181061992025,1960343
2025-04-28,2046.9552001953125,2091.9949043598153,2037.2682382175078,2037.2682382175078,6311008
2025-04-29,2064.132080078125,2079.211956926169,2026.0832467511207,2058.240078398095,2119823
2025-04-30,1948.986572265625,2017.2950016534785,1923.920208260112,2015.4973632853057,4684518
2025-05-02,1964.0662841796875,1983.9396598731803,1914.6325711168665,1952.3820007639404,1949238
2025-05-05,2023.486572265625,2033.8726695216826,1956.4764533881823,1962.2687351002653,2072898
2025-05-06,2033.0738525390625,2042.2614838012496,2005.4108732329535,2026.183068139,1698230
2025-05-07,2027.581298828125,2042.7608959310178,2007.0087865110643,2008.6067414960842,1078158
2025-05-08,2003.313720703125,2047.254799322735,1990.231287586383,2029.2789035238036,1697652
2025-05-09,1967.36181640625,1996.3229802010628,1960.3711906626743,1967.36181640625,1207361
2025-05-12,2047.654052734375,2054.8446057066353,2009.1058912777364,2022.1883236698784,1057561
2025-05-13,2015.497314453125,2058.639415175535,2007.9075162398844,2044.1589545005588,2217985
2025-05-14,2017.6944580078125,2039.2655085454353,2007.3083605172992,2026.1830754527862,1670853
2025-05-15,2039.1656494140625,2047.6541448796547,1994.0261050659412,2012.4014894064665,2640223
2025-05-16,2030.8765869140625,2068.226525370198,2019.2921459674267,2051.249291699849,1568556
2025-05-19,2035.570556640625,2050.250823074768,2032.2749269153205,2036.1697287979036,1379603
2025-05-20,2002.414794921875,2044.2587078518468,1992.3283449752976,2044.2587078518468,2170575
2025-05-21,2034.5718994140625,2044.2588613769492,1995.5241607162154,2008.8063994429572,1291354
2025-05-22,1998.3203125,2039.0657229568885,1989.3323650674663,2034.5717492406218,1178160
2025-05-23,2033.7728271484375,2045.956440792384,2000.5173719805725,2003.2138294277966,1085026
2025-05-26,2049.851318359375,2067.2279192858714,2037.4677777720638,2041.2627376909766,714431
2025-05-27,2027.181640625,2055.243985531009,2011.8022394811553,2047.2546989011507,1175928
2025-05-28,2019.6917724609375,2042.1616420870205,2015.2976402415788,2042.1616420870205,415312
2025-05-29,2008.2071533203125,2030.177692301195,1997.4215672396872,2028.679701007044,874950
2025-05-30,2014.698486328125,2028.9792637866935,2008.2071905996359,2008.2071905996359,2144136
2025-06-02,2026.282958984375,2032.9739382281393,1992.4283302118915,2014.6985169664254,1339043
2025-06-03,1989.232666015625,2042.0618518721951,1977.348576954579,2036.3694116126112,1522876
2025-06-04,1953.4805908203125,2005.1114332532763,1941.4966598441763,1997.3218293560478,1169875
2025-06-05,1941.396728515625,1963.267425918852,1926.516657192444,1958.3739632814509,1808602
2025-06-06,1987.3350830078125,2015.9966005176007,1918.427484652265,1965.3645444016959,6970191
2025-06-09,2014.698486328125,2054.94444670065,1988.333814680277,1998.3204234933373,4221378
2025-06-10,1995.4241943359375,2025.5838247620911,1985.437585964398,2019.3920544276323,3306765
2025-06-11,2010.2044677734375,2026.282883224456,1980.2446419988028,2001.316361745594,2245988
2025-06-12,2026.083251953125,2056.941775769615,2009.505383739083,2013.300343864264,3783347
2025-06-13,2008.3070068359375,2014.1991303422851,1977.3485199080837,1997.3217372808926,1418715
2025-06-16,2025.48388671875,2037.2681335086445,1995.3243778187607,2002.3150037670746,1645983
2025-06-17,2000.6173095703125,2031.1763068934877,1993.5267200807139,2027.2815052360504,1220096
2025-06-18,1978.7467041015625,2015.2976681514838,1973.154227520767,1999.3190939738704,1401356
2025-06-19,1964.965087890625,1993.526764165375,1954.7787958599215,1979.3458286862633,745887
2025-06-20,1983.5401611328125,1996.223227261348,1962.3685995593373,1972.1555247982487,1931248
2025-06-23,1994.9249267578125,2005.710512901559,1948.0877076385445,1973.6535234004853,1125629
2025-06-24,2006.5093994140625,2029.6784050674783,1996.5227905738436,2016.2963248402157,1717823
2025-06-25,2009.10595703125,2025.2842141209583,2001.316353598817,2025.2842141209583,998245
2025-06-26,2050.85009765625,2055.244108039117,2009.1060237642425,2015.297672508716,1828277
2025-06-27,2042.25732421875,2063.239420015518,2003.290574881895,2058.243682921049,6315182
2025-06-30,2054.2470703125,2062.2402495744163,2026.2709428957928,2038.2607117886673,1363779
2025-07-01,2052.049072265625,2066.7364909273433,2040.8585476967646,2053.348012731215,1002015
2025-07-02,2006.1881103515625,2055.7457975293755,1994.89769582408,2052.2487815919017,1204931
2025-07-03,1979.01123046875,2012.6825714381127,1975.913897884317,2006.288003607074,1133593
2025-07-04,1992.6995849609375,2031.1667595908293,1983.307575073639,1991.3007542175128,1509178
2025-07-07,2004.689453125,2015.180501271772,1991.3008530015857,1995.0976620697709,861699
2025-07-08,2016.5792236328125,2018.8771894473477,1996.9958372390417,1998.2947776309954,986803
2025-07-09,2024.67236328125,2035.8627656374442,2010.284615990259,2011.2837634137134,1161769
2025-07-10,2037.6612548828125,2047.2530456375007,2020.076284838178,2032.2658344688514,1230564
2025-07-11,2015.4801025390625,2038.9600666259903,1998.4945966038383,2035.2632700030535,1145529
2025-07-14,2001.8917236328125,2013.2820284849822,1987.3041958593697,2008.2862914415953,605261
2025-07-15,2034.763671875,2044.2555721366314,2002.3912718526099,2008.286265882028,888117
2025-07-16,2034.26416015625,2041.9575465530565,2016.3793968303908,2038.360640211254,633132
2025-07-17,2024.772216796875,2045.7543123077235,2018.5775516706428,2035.8627286022192,458912
2025-07-18,2027.86962890625,2037.161748926332,2005.5887140742786,2028.1694219260878,995783
2025-07-21,2052.148681640625,2054.2469886864906,2015.879705360578,2025.1718246698258,999643
2025-07-22,2037.861083984375,2047.2530942664,2013.4818621777058,2046.154056481174,1214275
2025-07-23,2058.7431640625,2061.4408131857226,2031.965965653646,2045.9540288892078,878101
2025-07-24,2030.5673828125,2058.8433040356126,2023.2735577437672,2058.7432917190285,658995
2025-07-25,1984.10693359375,1998.2947777291333,1931.2520123295676,1997.2956303402689,4102292
2025-07-28,1976.11376953125,2021.2751830653463,1969.4194087951385,1988.3033189817295,1469727
2025-07-29,1970.918212890625,1982.808091802619,1942.142839840127,1976.1138527508294,847965
2025-07-30,1958.129150390625,1987.4040964358041,1943.441610227731,1971.0180544559114,932988
2025-07-31,1946.339111328125,1966.621852085851,1939.4449699594347,1951.43473861238,985553
2025-08-01,1914.666259765625,1976.213716766895,1909.5705103239322,1943.3417420833935,836974
2025-08-04,1931.951416015625,1942.742256877221,1921.3604778166434,1921.3604778166434,982532
2025-08-05,1937.74658203125,1941.0436954247784,1914.366507391158,1928.4544619928029,1101680
2025-08-06,1922.359619140625,1945.0402165882738,1910.5696309020204,1937.7465136662868,875588
2025-08-07,1912.3681640625,1931.252074715299,1888.9880900145697,1918.0632555765044,905353
2025-08-08,1917.563720703125,1928.0547688375773,1904.774706633251,1913.3673502358401,507893
2025-08-11,1921.16064453125,1938.146150110437,1901.477367827393,1916.3646882871035,1489228
2025-08-12,1906.373291015625,1932.6509171363505,1902.376701306997,1923.3587972772946,899579
2025-08-13,1912.767822265625,1918.3630233571694,1891.2861529936567,1912.3681389091782,710014
2025-08-14,1923.4586181640625,1937.446681639104,1910.8693854297721,1912.7677898660604,765742
2025-08-18,1991.8004150390625,2015.2803798012485,1948.3375015431009,1948.3375015431009,1473915
2025-08-19,1970.5184326171875,1995.8968007015678,1963.1248395085058,1992.2998944929216,1389770
2025-08-20,1956.8302001953125,1974.8148535542687,1947.5380805066907,1971.118056928089,1461680
2025-08-21,1978.3118896484375,1996.296543190696,1972.8165788438585,1982.3084793244948,2346236
2025-08-22,1964.223876953125,1975.6141815840151,1961.8258988256375,1973.3160938022074,709444
2025-08-25,1962.125732421875,1966.1223220616253,1951.3348916080547,1957.4296664154265,869509
2025-08-26,1922.5594482421875,1961.7261009269332,1915.9650995555119,1958.3289752500882,1179819
2025-08-28,1915.965087890625,1938.0462217063225,1908.9710558787417,1918.3630661165184,985012
2025-08-29,1911.8685302734375,1929.4534999396692,1908.3715144093364,1921.4603208217245,735268
2025-09-01,1941.843017578125,1944.3408861368825,1911.3690211612827,1917.2640153531981,590079
2025-09-02,1954.232421875,1957.0299614121407,1936.9471230877728,1943.3416908338922,907972
2025-09-03,1964.4237060546875,1970.3187001898823,1948.3374570843157,1948.3374570843157,934230
2025-09-04,2000.492919921875,2032.0660760360624,1969.3195691360493,1983.307633046706,2459026
2025-09-05,2012.6826171875,2022.074627468489,2000.3930549521513,2012.1830434700669,1077230
2025-09-08,2006.687744140625,2024.6723980718402,2004.3896562406958,2012.6826287843635,338055
2025-09-09,2023.5733642578125,2037.2616354347572,2010.28465448491,2010.28465448491,1240640
2025-09-10,2036.462158203125,2045.2547040073346,2024.8720728912008,2033.3648256924037,927634
2025-09-11,2036.0626220703125,2047.0532434787538,2026.6706121098516,2036.2624027639717,720797
2025-09-12,2079.725341796875,2087.218947400275,2032.5656326526407,2034.3640248177144,1546838
2025-09-15,2078.2265625,2095.212068058894,2066.2367938701923,2076.228267728365,1014957
2025-09-16,2078.5263671875,2103.1052466573055,2075.828718017121,2083.222311140748,928203
2025-09-17,2055.246337890625,2088.218204273897,2053.1480306386948,2086.2199093415775,1199866
2025-09-18,2067.435791015625,2073.2308948334617,2043.2564722575562,2064.23856806069,904666
2025-09-19,2065.53759765625,2075.4290599602987,2051.949094595601,2067.2360995557096,1973991
2025-09-22,2067.735595703125,2080.224938513605,2060.541783030784,2065.537520154976,633360
2025-09-23,2082.622802734375,2090.216420765213,2066.2368824772757,2066.2368824772757,1177350
2025-09-24,2067.435791015625,2087.019178004873,2061.1411134881896,2082.323233921143,602541
2025-09-25,2033.864501953125,2072.23178799488,2030.667278935579,2067.4358315023205,952122
2025-09-26,2001.4920654296875,2045.7543449768539,1994.3981431321727,2038.260739317598,754739
2025-09-29,2022.9737548828125,2029.2684324849927,1993.1992346169366,2006.1881512207303,2005041
2025-09-30,2004.689453125,2034.6638764014915,1999.2940325419834,2023.2735711631767,924425
2025-10-01,2005.288818359375,2012.2828501124968,1977.812265043539,2007.1872227998979,683568
2025-10-03,1999.194091796875,2015.2803408231878,1966.3221173723518,2014.7807671145058,789048
2025-10-06,2031.4664306640625,2040.4587572010757,1993.398939383954,1994.3980867769556,821515
2025-10-07,2030.8670654296875,2054.6467013603365,2027.270159033128,2036.9618404302796,641471
2025-10-08,2011.8831787109375,2036.4621803389275,2003.290535470744,2029.767941550532,369526
2025-10-09,2012.88232421875,2024.172738606016,2003.2905335883322,2011.8831768204516,437357
2025-10-10,2002.5911865234375,2024.272636359351,1999.493732004391,2012.8823315838251,772401
2025-10-13,2018.677490234375,2023.2735440151864,1994.8977326342688,2002.3913383528436,1013809
2025-10-14,2017.6783447265625,2035.0635344034588,2004.8892088348543,2023.1736555920836,668246
2025-10-15,2082.3232421875,2087.019186289872,2018.3776851388145,2022.7739581939802,1497249
2025-10-16,2088.41796875,2098.2096626287644,2076.228418544082,2076.7279922732796,1424932
2025-10-17,2081.92333984375,2102.206080375309,2075.2291012069945,2088.2180171028494,609393
2025-10-20,2137.9755859375,2147.6672666165487,2086.219703510283,2086.219703510283,1844869
2025-10-21,2167.250732421875,2182.137931174205,2132.180560955015,2148.166919425156,367784
2025-10-23,2174.744384765625,2193.128599829014,2157.2593048125464,2168.149914181759,1291839
2025-10-24,2157.658935546875,2182.1380482678283,2142.7717359956973,2174.7444546516363,517200
2025-10-27,2168.349609375,2176.642581469364,2148.066868642751,2157.658781126046,433573
2025-10-28,2138.375244140625,2186.833893662616,2121.2899697408093,2170.1481806549405,1200996
2025-10-29,2135.177978515625,2148.1668946226455,2122.38884310068,2148.1668946226455,343434
2025-10-30,2112.797119140625,2144.1702488811857,2099.5084103773756,2138.1753646811453,488305
2025-10-31,2086.51953125,2127.0847686897914,2083.621857476286,2113.1967176221406,586237
2025-11-03,2079.825439453125,2098.2096550481724,2068.235231404627,2084.221590681185,546962
2025-11-04,2071.432373046875,2097.0106444568964,2059.742397071914,2085.2206561673947,610128
2025-11-06,2061.44091796875,2078.6262048880467,2055.4460334202176,2077.22749606638,1175380
2025-11-07,2100.307861328125,2110.199323082083,2041.058371320623,2058.2436579304413,839091
2025-11-10,2116.493896484375,2124.9866490243517,2094.512654616201,2112.8968684238716,985115
2025-11-11,1987.703857421875,2097.210387818986,1950.735403706152,2083.2223242508744,4943745
2025-11-12,2033.7645263671875,2037.2615422562983,1993.2990567931904,2007.7866940480783,2396251
2025-11-13,2054.44677734375,2070.6329159822694,2030.5672527279833,2043.2563755648023,1839900
2025-11-14,2064.038818359375,2070.2334836649266,2042.457136207637,2048.2522401124997,1433249
2025-11-17,2077.8271484375,2079.325869622486,2053.248023430737,2064.0388647491327,817576
2025-11-18,2048.451904296875,2073.7303817308216,2045.2546814757848,2071.232513287397,734236
2025-11-19,2048.451904296875,2057.644011382183,2033.2649129473484,2057.644011382183,704802
2025-11-20,2093.8134765625,2103.2053649422187,2041.158333201067,2062.939674252078,1576354
2025-11-21,2050.650146484375,2098.209663087349,2043.3564432162455,2098.209663087349,1019782
2025-11-24,2029.068603515625,2062.2402486512337,2024.0728664791636,2062.2402486512337,1422874
2025-11-25,2028.468994140625,2049.7508824573856,2024.6723072163747,2037.261540010046,688300
2025-11-26,2083.322265625,2086.7192690885972,2029.1684053326917,2033.2648851306178,928388
2025-11-27,2101.40673828125,2116.19416841455,2073.830416723714,2083.322316912542,1125896
2025-11-28,2092.214599609375,2111.1983997013417,2084.720994309914,2108.2009575815573,590610
2025-12-01,2080.025146484375,2104.104452932325,2073.2308952459894,2100.70744927937,533604
2025-12-02,2064.138427734375,2079.7252240801918,2057.743982221069,2068.3350417807214,682583
2025-12-03,2044.255615234375,2070.633009470861,2033.2649936470934,2064.1385512601946,785536
2025-12-04,2047.452880859375,2060.1420045335967,2032.265888590524,2044.2556578447452,758590
2025-12-05,2094.712646484375,2108.201137172445,2044.0559191312307,2048.252289669911,1742156
2025-12-08,2057.4443359375,2103.1053246324955,2036.76203295448,2098.2095998059394,904146
2025-12-09,2067.735595703125,2080.025157815133,2037.2615992455528,2048.2522209187755,1176704
2025-12-10,2064.038818359375,2096.411097654503,2058.243714454512,2068.235188796524,937777
2025-12-11,2064.038818359375,2080.924312424384,2048.2522401124997,2078.2266631385364,624077
2025-12-12,2081.323974609375,2091.2154359546657,2067.435679869692,2074.0301500548608,554885
2025-12-15,2068.734619140625,2079.0258857861604,2059.2427191735464,2078.126506798223,483403
2025-12-16,2033.4647216796875,2066.037024204128,2027.2700566410583,2064.338522425669,506106
2025-12-17,2019.4766845703125,2042.2572941724288,2009.8848938832978,2033.4647482290277,398342
2025-12-18,2024.572509765625,2036.2624860462242,2010.884116635521,2018.2778320968464,438810
2025-12-19,2042.0574951171875,2053.2478971570486,2016.1795531879955,2017.2785909294796,1104767
2025-12-22,2048.052490234375,2052.1488484167608,2035.463134800984,2042.357276593974,1038998
2025-12-23,2045.854248046875,2055.7458319718467,2040.2590468464207,2047.2530788385484,677615
2025-12-24,2033.96435546875,2062.739849970503,2022.5741724461172,2046.7534912398044,1344198
2025-12-26,2015.8797607421875,2033.9643042072628,2003.6902113037347,2033.9643042072628,1755050
2025-12-29,2010.384521484375,2024.6723785339045,1995.4972003695048,2018.2778105823759,1415166
2025-12-30,2024.67236328125,2046.054142536422,1978.7115818023476,2010.284615990259,5450560
2025-12-31,2038.160888671875,2044.5554566855865,2008.6860391713017,2028.469085317366,1377422
